CPUProc			CPU  			MEM  			VSZ  		DRS  		RSS  		USED  		FREE  		AVAILABLE	
0.000  			0.000			0.000			524228  		524198  		15960  		1250228  		5030088  		6500288
	
0.000  			3.000			0.000			524228  		524198  		15960  		1251356  		5028944  		6499168
	
0.000  			1.500			0.000			524228  		524198  		15960  		1251600  		5028708  		6498924
	
0.000  			0.900			0.000			524228  		524198  		15960  		1251572  		5028728  		6498944
	
0.000  			0.700			0.000			524228  		524198  		15960  		1251340  		5028960  		6499184
	
