CPUProc			CPU  			MEM  			VSZ  		DRS  		RSS  		USED  		FREE  		AVAILABLE	
1.000  			0.000			0.000			524228  		524198  		15960  		1252716  		5024920  		6497756
	
0.000  			1.000			0.000			524228  		524198  		15960  		1253068  		5024568  		6497404
	
1.000  			0.500			0.000			524228  		524198  		15960  		1253496  		5024168  		6496976
	
0.000  			0.400			0.000			524228  		524198  		15960  		1253620  		5024044  		6496852
	
1.000  			0.400			0.000			524228  		524198  		15960  		1254040  		5023624  		6496432
	
