CPUProc			CPU  			MEM  			VSZ  		DRS  		RSS  		USED  		FREE  		AVAILABLE	
0.000  			0.000			0.000			384904  		384874  		14156  		1264764  		5011936  		6485708
	
0.000  			0.000			0.000			148764  		148736  		9540  		1253900  		5022792  		6496580
	
0.000  			0.000			0.000			148764  		148736  		9540  		1253748  		5022992  		6496736
	
0.000  			0.000			0.000			148764  		148736  		9540  		1254144  		5022596  		6496340
	
0.000  			0.000			0.000			148764  		148736  		9540  		1254020  		5022720  		6496464
	
