CPUProc			CPU  			MEM  			VSZ  		DRS  		RSS  		USED  		FREE  		AVAILABLE	
0.000  			0.200			0.900			30940  		30918  		10984  		57860  		817276  		928580
	
3.942  			1.600			0.900			30940  		30918  		10984  		57952  		817184  		928488
	
3.942  			2.700			0.900			68376  		68354  		11312  		58116  		817020  		928324
	
2.971  			3.100			0.900			68376  		68354  		11312  		57964  		817172  		928476
	
3.942  			2.500			0.900			68376  		68354  		11312  		57988  		817148  		928452
	
3.942  			2.800			0.900			68376  		68354  		11312  		58060  		817076  		928380
	
4.913  			3.200			0.900			68376  		68354  		11312  		57932  		817204  		928508
	
2.000  			3.200			0.900			68376  		68354  		11312  		57732  		817396  		928708
	
2.980  			3.300			0.900			68376  		68354  		11312  		57732  		817396  		928708
	
4.000  			3.300			0.900			68376  		68354  		11312  		58000  		817128  		928440
	
2.971  			3.200			0.900			68376  		68354  		11312  		58032  		817096  		928408
	
2.000  			3.300			0.900			68376  		68354  		11312  		58036  		817092  		928404
	
4.971  			3.400			0.900			68376  		68354  		11312  		58016  		817112  		928424
	
2.971  			3.300			0.900			68376  		68354  		11312  		57944  		817184  		928496
	
3.000  			3.400			0.900			68376  		68354  		11312  		57948  		817180  		928492
	
2.971  			3.400			1.000			68504  		68482  		11468  		57936  		817192  		928504
	
3.942  			3.300			1.000			68504  		68482  		11468  		58148  		816980  		928292
	
2.971  			3.400			1.000			68504  		68482  		11468  		58140  		816988  		928300
	
3.980  			3.400			1.000			68504  		68482  		11468  		58096  		817032  		928344
	
3.000  			3.400			1.000			68504  		68482  		11468  		58136  		816992  		928304
	
2.000  			3.400			1.000			68504  		68482  		11468  		58336  		816792  		928104
	
3.971  			3.400			1.000			68504  		68482  		11468  		58224  		816896  		928216
	
3.971  			3.400			1.000			68504  		68482  		11468  		58276  		816836  		928164
	
3.942  			3.400			1.000			68504  		68482  		11468  		58208  		816896  		928232
	
4.942  			3.400			1.000			68504  		68482  		11468  		58308  		816796  		928132
	
3.971  			3.400			1.000			68504  		68482  		11468  		58304  		816792  		928136
	
3.971  			3.400			1.000			68504  		68482  		11468  		58308  		816788  		928132
	
2.971  			3.500			1.000			68504  		68482  		11468  		58392  		816696  		928048
	
2.971  			3.400			1.000			68504  		68482  		11468  		58504  		816576  		927936
	
4.980  			3.400			1.000			68504  		68482  		11468  		58412  		816668  		928028
	
3.000  			3.600			1.000			68632  		68610  		11596  		58392  		816680  		928048
	
4.942  			3.400			1.000			68632  		68610  		11596  		58556  		816508  		927884
	
3.980  			3.400			1.000			68632  		68610  		11596  		58636  		816420  		927804
	
4.971  			3.500			1.000			68632  		68610  		11596  		58776  		816280  		927664
	
2.971  			3.500			1.000			68632  		68610  		11596  		58708  		816340  		927732
	
2.971  			3.500			1.000			68632  		68610  		11596  		58696  		816344  		927744
	
5.913  			3.500			1.000			68632  		68610  		11596  		58928  		816104  		927512
	
3.942  			3.500			1.000			68632  		68610  		11596  		58968  		816064  		927472
	
1.971  			3.500			1.000			68632  		68610  		11596  		58944  		816080  		927496
	
2.942  			3.500			1.000			68632  		68610  		11596  		58796  		816220  		927644
	
5.000  			3.400			1.000			68632  		68610  		11596  		58864  		816140  		927576
	
3.000  			3.600			1.000			68632  		68610  		11596  		58848  		816156  		927592
	
3.980  			3.500			1.000			68632  		68610  		11596  		58900  		816092  		927540
	
3.000  			3.600			1.000			68632  		68610  		11596  		58956  		816028  		927484
	
3.971  			3.500			1.000			68632  		68610  		11596  		59000  		815984  		927440
	
3.971  			3.600			1.000			68764  		68742  		11596  		59160  		815812  		927280
	
2.971  			3.400			1.000			68764  		68742  		11596  		59132  		815832  		927308
	
3.942  			3.500			1.000			68764  		68742  		11596  		59340  		815612  		927100
	
3.000  			3.600			1.000			68764  		68742  		11596  		59324  		815628  		927116
	
3.971  			3.600			1.000			68764  		68742  		11596  		59256  		815684  		927184
	
3.971  			3.600			1.000			68764  		68742  		11596  		59420  		815508  		927020
	
1.971  			3.500			1.000			68764  		68742  		11596  		59340  		815584  		927100
	
2.971  			3.600			1.000			68764  		68742  		11596  		59488  		815428  		926952
	
3.971  			3.500			1.000			68764  		68742  		11596  		59568  		815340  		926872
	
3.942  			3.600			1.000			68764  		68742  		11596  		59504  		815400  		926936
	
3.971  			3.500			1.000			68764  		68742  		11596  		59556  		815340  		926884
	
3.961  			3.600			1.000			68764  		68742  		11596  		59632  		815256  		926808
	
3.942  			3.600			1.000			68764  		68742  		11596  		59844  		815032  		926596
	
3.000  			3.600			1.000			68764  		68742  		11596  		59676  		815196  		926764
	
3.971  			3.600			1.000			68764  		68742  		11596  		59644  		815220  		926796
	
3.000  			3.600			1.000			68764  		68742  		11596  		59768  		815088  		926672
	
3.942  			3.600			1.000			68896  		68874  		11856  		59888  		814964  		926552
	
4.000  			3.500			1.000			68896  		68874  		11856  		59948  		814896  		926492
	
3.942  			3.600			1.000			68896  		68874  		11856  		59884  		814948  		926556
	
3.000  			3.600			1.000			68896  		68874  		11856  		59928  		814896  		926512
	
3.980  			3.600			1.000			68896  		68874  		11856  		60124  		814700  		926316
	
1.980  			3.600			1.000			68896  		68874  		11856  		60072  		814740  		926368
	
4.971  			3.600			1.000			68896  		68874  		11856  		60124  		814688  		926316
	
3.942  			3.600			1.000			68896  		68874  		11856  		60124  		814676  		926316
	
3.961  			3.600			1.000			68896  		68874  		11856  		60280  		814512  		926160
	
3.980  			3.600			1.000			68896  		68874  		11856  		60332  		814448  		926108
	
2.000  			3.600			1.000			68896  		68874  		11856  		60364  		814416  		926076
	
2.971  			3.600			1.000			68896  		68874  		11856  		60284  		814488  		926156
	
3.942  			3.600			1.000			68896  		68874  		11856  		60388  		814372  		926052
	
3.000  			3.600			1.000			68896  		68874  		11856  		60408  		814352  		926032
	
2.942  			3.600			1.000			68896  		68874  		11856  		60304  		814456  		926136
	
3.971  			3.600			1.000			69028  		69006  		11856  		60452  		814308  		925988
	
3.971  			3.600			1.000			69028  		69006  		11856  		60312  		814440  		926128
	
2.942  			3.600			1.000			69028  		69006  		11856  		60532  		814220  		925908
	
3.942  			3.600			1.000			69028  		69006  		11856  		60620  		814124  		925820
	
-319.466  			3.600			1.000			69028  		69006  		11856  		60500  		814236  		925940
	
1.942  			0.600			0.600			30812  		30791  		8376  		57176  		817944  		929264
	
0.000  			0.600			0.600			30812  		30791  		8376  		57080  		818040  		929360
	
0.000  			0.500			0.600			30812  		30791  		8376  		57192  		817928  		929248
	
0.000  			0.500			0.600			30812  		30791  		8376  		57112  		818008  		929328
	
0.000  			0.500			0.600			30812  		30791  		8376  		57008  		818112  		929432
	
0.000  			0.500			0.600			30812  		30791  		8376  		57064  		818056  		929376
	
0.000  			0.500			0.600			30812  		30791  		8376  		57236  		817884  		929204
	
0.000  			0.500			0.600			30812  		30791  		8376  		57116  		818004  		929324
	
0.000  			0.500			0.600			30812  		30791  		8376  		57040  		818080  		929400
	
0.000  			0.500			0.600			30812  		30791  		8376  		57140  		817980  		929300
	
0.000  			0.500			0.600			30812  		30791  		8376  		57112  		818008  		929328
	
0.000  			0.500			0.600			30812  		30791  		8376  		57148  		817972  		929292
	
0.000  			0.500			0.600			30812  		30791  		8376  		57048  		818072  		929392
	
1.942  			0.500			0.600			30812  		30791  		8376  		57080  		818040  		929360
	
0.000  			0.500			0.600			30812  		30791  		8376  		57060  		818060  		929380
	
0.000  			0.500			0.600			30812  		30791  		8376  		57272  		817848  		929168
	
0.000  			0.500			0.600			30812  		30791  		8376  		57196  		817924  		929244
	
0.000  			0.500			0.600			30812  		30791  		8376  		57080  		818040  		929360
	
0.000  			0.500			0.600			30812  		30791  		8376  		57120  		818000  		929320
	
0.000  			0.500			0.600			30812  		30791  		8376  		57132  		817988  		929308
	
1.961  			0.500			0.600			30812  		30791  		8376  		57128  		817980  		929312
	
0.000  			0.500			0.600			30812  		30791  		8376  		57184  		817924  		929256
	
0.000  			0.500			0.600			30812  		30791  		8376  		57180  		817928  		929260
	
0.000  			0.500			0.600			30812  		30791  		8376  		57120  		817988  		929320
	
0.000  			0.500			0.600			30812  		30791  		8376  		57272  		817836  		929168
	
0.000  			0.500			0.600			30812  		30791  		8376  		57128  		817980  		929312
	
0.000  			0.500			0.600			30812  		30791  		8376  		57096  		818012  		929344
	
0.000  			0.500			0.600			30812  		30791  		8376  		57056  		818052  		929384
	
0.000  			0.500			0.600			30812  		30791  		8376  		57092  		818016  		929348
	
0.000  			0.500			0.600			30812  		30791  		8376  		56892  		818216  		929548
	
0.000  			0.500			0.600			30812  		30791  		8376  		57284  		817824  		929156
	
0.000  			0.400			0.600			30812  		30791  		8376  		57164  		817944  		929276
	
0.000  			0.400			0.600			30812  		30791  		8376  		57120  		817988  		929320
	
1.942  			0.400			0.600			30812  		30791  		8376  		57008  		818100  		929432
	
0.000  			0.400			0.600			30812  		30791  		8376  		57020  		818088  		929420
	
0.000  			0.400			0.600			30812  		30791  		8376  		57036  		818072  		929404
	
0.000  			0.400			0.600			30812  		30791  		8376  		57084  		818024  		929356
	
0.000  			0.400			0.600			30812  		30791  		8376  		57192  		817916  		929248
	
0.000  			0.400			0.600			30812  		30791  		8376  		57308  		817800  		929132
	
