CPUProc			CPU  			MEM  			VSZ  		DRS  		RSS  		USED  		FREE  		AVAILABLE	
0.000  			7.800			0.200			2531520  		2528583  		23228  		1267388  		5011004  		6483072
	
0.000  			6.500			0.200			2531520  		2528583  		23228  		1267632  		5010752  		6482828
	
0.000  			5.500			0.200			2531520  		2528583  		23228  		1267740  		5010644  		6482720
	
1.000  			4.800			0.200			2531520  		2528583  		23228  		1267780  		5010604  		6482680
	
0.000  			4.400			0.200			2531520  		2528583  		23228  		1267724  		5010660  		6482736
	
0.000  			3.600			0.200			2531520  		2528583  		23228  		1267508  		5010876  		6482952
	
0.990  			3.300			0.200			2531520  		2528583  		23228  		1267500  		5010876  		6482952
	
0.000  			3.000			0.200			2531520  		2528583  		23228  		1267508  		5010868  		6482952
	
0.000  			2.800			0.200			2531520  		2528583  		23228  		1267820  		5010540  		6482640
	
0.000  			2.600			0.200			2531520  		2528583  		23228  		1267624  		5010704  		6482836
	
0.000  			2.500			0.200			2531520  		2528583  		23228  		1267624  		5010704  		6482836
	
0.000  			2.200			0.200			2531520  		2528583  		23228  		1267480  		5010824  		6482976
	
0.000  			2.100			0.200			2531520  		2528583  		23228  		1267764  		5010524  		6482696
	
0.971  			2.000			0.200			2531520  		2528583  		23228  		1267452  		5010836  		6483008
	
0.000  			1.900			0.200			2531520  		2528583  		23228  		1267780  		5010508  		6482680
	
0.000  			1.800			0.200			2531520  		2528583  		23228  		1267408  		5010880  		6483052
	
1.000  			1.700			0.200			2531520  		2528583  		23228  		1267560  		5010720  		6482900
	
0.000  			1.600			0.200			2531520  		2528583  		23228  		1267516  		5010764  		6482944
	
0.000  			1.600			0.200			2531520  		2528583  		23228  		1267796  		5010484  		6482664
	
0.980  			1.500			0.200			2531520  		2528583  		23228  		1267788  		5010492  		6482672
	
0.000  			1.600			0.200			2531520  		2528583  		23228  		1267508  		5010772  		6482952
	
0.000  			1.500			0.200			2531520  		2528583  		23228  		1267964  		5010316  		6482496
	
1.000  			1.300			0.200			2531520  		2528583  		23228  		1267860  		5010412  		6482600
	
0.000  			1.300			0.200			2531520  		2528583  		23228  		1267568  		5010704  		6482892
	
0.000  			1.300			0.200			2531520  		2528583  		23228  		1267668  		5010604  		6482792
	
0.000  			1.300			0.200			2531520  		2528583  		23228  		1267600  		5010672  		6482860
	
0.000  			1.300			0.200			2531520  		2528583  		23228  		1266976  		5011296  		6483484
	
0.000  			1.200			0.200			2531520  		2528583  		23228  		1266900  		5011420  		6483560
	
0.000  			1.200			0.200			2531520  		2528583  		23228  		1267032  		5011280  		6483428
	
0.000  			1.200			0.200			2531520  		2528583  		23228  		1267592  		5010720  		6482868
	
0.980  			1.200			0.200			2531520  		2528583  		23228  		1267484  		5010828  		6482976
	
0.000  			1.100			0.200			2531520  		2528583  		23228  		1267352  		5010960  		6483108
	
0.000  			1.100			0.200			2531520  		2528583  		23228  		1267568  		5010744  		6482892
	
0.000  			1.100			0.200			2531520  		2528583  		23228  		1267696  		5010608  		6482764
	
1.000  			1.000			0.200			2531520  		2528583  		23228  		1267824  		5010480  		6482636
	
0.980  			1.000			0.200			2531520  		2528583  		23228  		1267576  		5010728  		6482884
	
0.000  			1.000			0.200			2531520  		2528583  		23228  		1267496  		5010824  		6482964
	
0.000  			1.000			0.200			2531520  		2528583  		23228  		1267560  		5010752  		6482892
	
0.000  			1.000			0.200			2531520  		2528583  		23228  		1267016  		5011296  		6483444
	
0.000  			0.900			0.200			2531520  		2528583  		23228  		1267056  		5011256  		6483404
	
0.000  			0.900			0.200			2531520  		2528583  		23228  		1266796  		5011516  		6483664
	
0.980  			0.900			0.200			2531520  		2528583  		23228  		1267188  		5011124  		6483272
	
0.000  			0.900			0.200			2531520  		2528583  		23228  		1267172  		5011140  		6483288
	
0.000  			0.900			0.200			2531520  		2528583  		23228  		1267800  		5010504  		6482660
	
0.000  			0.900			0.200			2531520  		2528583  		23228  		1267592  		5010712  		6482868
	
0.000  			0.900			0.200			2531520  		2528583  		23228  		1267604  		5010700  		6482856
	
1.971  			0.800			0.200			2531520  		2528583  		23228  		1267736  		5010568  		6482724
	
0.000  			0.900			0.200			2531520  		2528583  		23228  		1267836  		5010464  		6482624
	
0.000  			0.800			0.200			2531520  		2528583  		23228  		1267664  		5010636  		6482796
	
0.000  			0.800			0.200			2531520  		2528583  		23228  		1267904  		5010396  		6482552
	
0.000  			0.800			0.200			2531520  		2528583  		23228  		1267596  		5010700  		6482864
	
1.000  			0.800			0.200			2531520  		2528583  		23228  		1267832  		5010464  		6482628
	
0.980  			0.800			0.200			2531520  		2528583  		23228  		1267536  		5010760  		6482924
	
0.000  			0.800			0.200			2531520  		2528583  		23228  		1268156  		5010140  		6482304
	
0.000  			0.800			0.200			2531520  		2528583  		23228  		1267424  		5010848  		6483036
	
0.000  			0.800			0.200			2531520  		2528583  		23228  		1267840  		5010448  		6482620
	
0.000  			0.700			0.200			2531520  		2528583  		23228  		1267564  		5010724  		6482896
	
0.000  			0.700			0.200			2531520  		2528583  		23228  		1267272  		5011016  		6483188
	
1.990  			0.700			0.200			2531520  		2528583  		23228  		1267444  		5010844  		6483016
	
0.000  			0.700			0.200			2531520  		2528583  		23228  		1267256  		5011024  		6483196
	
0.000  			0.700			0.200			2531520  		2528583  		23228  		1267320  		5010960  		6483132
	
0.000  			0.700			0.200			2531520  		2528583  		23228  		1267388  		5010892  		6483064
	
0.000  			0.700			0.200			2531520  		2528583  		23228  		1267544  		5010736  		6482916
	
0.000  			0.700			0.200			2531520  		2528583  		23228  		1267628  		5010652  		6482832
	
0.971  			0.700			0.200			2531520  		2528583  		23228  		1267388  		5010868  		6483072
	
1.000  			0.700			0.200			2531520  		2528583  		23228  		1267424  		5010820  		6483036
	
0.000  			0.700			0.200			2531520  		2528583  		23228  		1267620  		5010588  		6482840
	
0.000  			0.700			0.200			2531520  		2528583  		23228  		1267688  		5010520  		6482772
	
0.000  			0.700			0.200			2531520  		2528583  		23228  		1267368  		5010844  		6483092
	
0.980  			0.600			0.200			2531520  		2528583  		23228  		1267600  		5010612  		6482860
	
0.000  			0.600			0.200			2531520  		2528583  		23228  		1267220  		5010992  		6483240
	
0.000  			0.600			0.200			2531520  		2528583  		23228  		1267408  		5010812  		6483052
	
1.000  			0.600			0.200			2531520  		2528583  		23228  		1267492  		5010728  		6482968
	
0.000  			0.600			0.200			2531520  		2528583  		23228  		1267836  		5010384  		6482624
	
0.990  			0.600			0.200			2531520  		2528583  		23228  		1267516  		5010736  		6482944
	
0.000  			0.600			0.200			2531520  		2528583  		23228  		1267652  		5010600  		6482808
	
0.000  			0.600			0.200			2531520  		2528583  		23228  		1267616  		5010636  		6482844
	
0.000  			0.600			0.200			2531520  		2528583  		23228  		1267864  		5010380  		6482596
	
1.990  			0.600			0.200			2531520  		2528583  		23228  		1267652  		5010592  		6482808
	
0.000  			0.600			0.200			2531520  		2528583  		23228  		1267972  		5010272  		6482488
	
0.980  			0.600			0.200			2531520  		2528583  		23228  		1267988  		5010256  		6482472
	
0.000  			0.600			0.200			2531520  		2528583  		23228  		1268112  		5010116  		6482348
	
0.000  			0.600			0.200			2531520  		2528583  		23228  		1267948  		5010280  		6482512
	
0.000  			0.600			0.200			2531520  		2528583  		23228  		1267676  		5010576  		6482776
	
1.000  			0.600			0.200			2531520  		2528583  		23228  		1267880  		5010372  		6482580
	
0.000  			0.600			0.200			2531520  		2528583  		23228  		1267464  		5010788  		6482996
	
0.980  			0.600			0.200			2531520  		2528583  		23228  		1267360  		5010892  		6483100
	
0.000  			0.600			0.200			2531520  		2528583  		23228  		1267720  		5010532  		6482740
	
0.000  			0.600			0.200			2531520  		2528583  		23228  		1267740  		5010504  		6482720
	
1.980  			0.500			0.200			2531520  		2528583  		23228  		1267360  		5010884  		6483100
	
0.000  			0.600			0.200			2531520  		2528583  		23228  		1267624  		5010620  		6482836
	
0.990  			0.600			0.200			2531520  		2528583  		23228  		1267616  		5010628  		6482844
	
0.000  			0.500			0.200			2531520  		2528583  		23228  		1267732  		5010512  		6482728
	
0.000  			0.500			0.200			2531520  		2528583  		23228  		1267812  		5010444  		6482648
	
0.000  			0.500			0.200			2531520  		2528583  		23228  		1267804  		5010444  		6482656
	
1.000  			0.500			0.200			2531520  		2528583  		23228  		1267664  		5010584  		6482796
	
0.000  			0.500			0.200			2531520  		2528583  		23228  		1267976  		5010272  		6482484
	
0.000  			0.500			0.200			2531520  		2528583  		23228  		1268564  		5009684  		6481896
	
0.000  			0.500			0.200			2531520  		2528583  		23228  		1267392  		5010856  		6483068
	
0.000  			0.500			0.200			2531520  		2528583  		23228  		1267372  		5010876  		6483088
	
0.000  			0.500			0.200			2531520  		2528583  		23228  		1267508  		5010732  		6482944
	
0.000  			0.500			0.200			2531520  		2528583  		23228  		1267984  		5010256  		6482476
	
0.971  			0.500			0.200			2531520  		2528583  		23228  		1267812  		5010428  		6482648
	
0.000  			0.500			0.200			2531520  		2528583  		23228  		1267804  		5010388  		6482656
	
0.000  			0.500			0.200			2531520  		2528583  		23228  		1267456  		5010736  		6483004
	
0.000  			0.500			0.200			2531520  		2528583  		23228  		1267572  		5010620  		6482888
	
0.000  			0.500			0.200			2531520  		2528583  		23228  		1268036  		5010148  		6482424
	
0.000  			0.500			0.200			2531520  		2528583  		23228  		1267380  		5010804  		6483080
	
1.000  			0.500			0.200			2531520  		2528583  		23228  		1267292  		5010892  		6483168
	
0.000  			0.500			0.200			2531520  		2528583  		23228  		1267852  		5010332  		6482608
	
0.000  			0.500			0.200			2531520  		2528583  		23228  		1267732  		5010452  		6482728
	
0.000  			0.500			0.200			2531520  		2528583  		23228  		1267804  		5010372  		6482656
	
0.000  			0.500			0.200			2531520  		2528583  		23228  		1267268  		5010924  		6483192
	
0.000  			0.500			0.200			2531520  		2528583  		23228  		1267232  		5010960  		6483228
	
0.990  			0.500			0.200			2531520  		2528583  		23228  		1267496  		5010712  		6482964
	
0.000  			0.500			0.200			2531520  		2528583  		23228  		1267472  		5010736  		6482988
	
0.000  			0.500			0.200			2531520  		2528583  		23228  		1267936  		5010264  		6482524
	
1.000  			0.500			0.200			2531520  		2528583  		23228  		1267944  		5010256  		6482516
	
0.000  			0.500			0.200			2531520  		2528583  		23228  		1268324  		5009876  		6482136
	
0.000  			0.500			0.200			2531520  		2528583  		23228  		1268092  		5010100  		6482368
	
