CPUProc			CPU  			MEM  			VSZ  		DRS  		RSS  		USED  		FREE  		AVAILABLE	
1.971  			16.200			0.700			80036  		78415  		8992  		60900  		872204  		925540
	
1.962  			11.800			0.700			80036  		78415  		8992  		60900  		872196  		925536
	
2.971  			10.800			0.700			80036  		78415  		8992  		60856  		872240  		925584
	
1.942  			9.000			0.700			80036  		78415  		8992  		60724  		872372  		925716
	
1.962  			8.400			0.700			80036  		78415  		8992  		60968  		872128  		925472
	
2.923  			7.800			0.700			80036  		78415  		8992  		60792  		872296  		925648
	
0.971  			7.000			0.700			80036  		78415  		8992  		60676  		872412  		925764
	
2.000  			6.700			0.700			80036  		78415  		8992  		60868  		872220  		925572
	
3.942  			6.100			0.700			80036  		78415  		8992  		60824  		872264  		925616
	
2.000  			6.000			0.700			80036  		78415  		8992  		60768  		872320  		925672
	
4.942  			5.600			0.700			80036  		78415  		8992  		60684  		872396  		925756
	
2.962  			5.500			0.700			80036  		78415  		8992  		60812  		872268  		925628
	
3.971  			5.400			0.700			80036  		78415  		8992  		60888  		872192  		925552
	
2.000  			5.100			0.700			80036  		78415  		8992  		61020  		872060  		925420
	
2.000  			5.100			0.700			80036  		78415  		8992  		60852  		872220  		925580
	
1.971  			5.000			0.700			80036  		78415  		8992  		61012  		872060  		925428
	
3.971  			4.900			0.700			80036  		78415  		8992  		60944  		872120  		925496
	
2.971  			4.700			0.700			80036  		78415  		8992  		60884  		872180  		925556
	
1.962  			4.700			0.700			80036  		78415  		8992  		60904  		872160  		925536
	
2.962  			4.600			0.700			80036  		78415  		8992  		61008  		872048  		925432
	
2.000  			4.400			0.700			80036  		78415  		8992  		61004  		872052  		925436
	
1.000  			4.400			0.700			80036  		78415  		8992  		60884  		872172  		925556
	
1.971  			4.200			0.700			80036  		78415  		8992  		60788  		872268  		925652
	
1.962  			4.200			0.700			80036  		78415  		8992  		60928  		872120  		925512
	
1.971  			4.100			0.700			80036  		78415  		8992  		60588  		872460  		925852
	
1.971  			4.000			0.700			80036  		78415  		8992  		61068  		871980  		925372
	
1.000  			4.000			0.700			80036  		78415  		8992  		60764  		872284  		925676
	
1.962  			3.800			0.700			80036  		78415  		8992  		60876  		872164  		925564
	
1.000  			3.800			0.700			80036  		78415  		8992  		60728  		872312  		925712
	
1.971  			3.700			0.700			80036  		78415  		8992  		60880  		872160  		925560
	
0.971  			3.700			0.700			80036  		78415  		8992  		60832  		872208  		925608
	
1.971  			3.600			0.700			80036  		78415  		8992  		60852  		872180  		925580
	
1.923  			3.700			0.700			80036  		78415  		8992  		60716  		872316  		925724
	
1.971  			3.600			0.700			80036  		78415  		8992  		60880  		872152  		925560
	
1.971  			3.500			0.700			80036  		78415  		8992  		60848  		872184  		925592
	
1.962  			3.500			0.700			80036  		78415  		8992  		60684  		872340  		925748
	
1.971  			3.400			0.700			80036  		78415  		8992  		60752  		872272  		925688
	
1.971  			3.400			0.700			80036  		78415  		8992  		60584  		872440  		925856
	
1.962  			3.300			0.700			80036  		78415  		8992  		60888  		872136  		925552
	
2.913  			3.300			0.700			80036  		78415  		8992  		60796  		872228  		925644
	
2.000  			3.300			0.700			80036  		78415  		8992  		60684  		872332  		925752
	
1.000  			3.200			0.700			80036  		78415  		8992  		60764  		872252  		925676
	
1.962  			3.200			0.700			80036  		78415  		8992  		60804  		872212  		925636
	
1.962  			3.200			0.700			80036  		78415  		8992  		60704  		872312  		925736
	
1.000  			3.100			0.700			80036  		78415  		8992  		60948  		872068  		925492
	
2.000  			3.100			0.700			80036  		78415  		8992  		60780  		872228  		925660
	
1.962  			3.100			0.700			80036  		78415  		8992  		60968  		872040  		925472
	
2.000  			3.100			0.700			80036  		78415  		8992  		60664  		872344  		925776
	
1.971  			3.000			0.700			80036  		78415  		8992  		60676  		872332  		925764
	
2.962  			3.000			0.700			80036  		78415  		8992  		60536  		872464  		925904
	
1.971  			3.000			0.700			80036  		78415  		8992  		60728  		872272  		925712
	
3.942  			3.000			0.700			80036  		78415  		8992  		60696  		872300  		925744
	
0.962  			3.000			0.700			80036  		78415  		8992  		60704  		872292  		925736
	
0.971  			3.000			0.700			80036  		78415  		8992  		60728  		872268  		925712
	
1.923  			2.900			0.700			80036  		78415  		8992  		60756  		872232  		925684
	
1.942  			2.900			0.700			80036  		78415  		8992  		60644  		872344  		925796
	
1.971  			3.000			0.700			80036  		78415  		8992  		60740  		872248  		925700
	
1.942  			2.900			0.700			80036  		78415  		8992  		60872  		872108  		925568
	
1.962  			2.900			0.700			80036  		78415  		8992  		60912  		872068  		925528
	
0.971  			2.900			0.700			80036  		78415  		8992  		60868  		872112  		925572
	
1.962  			2.900			0.700			80036  		78415  		8992  		60832  		872148  		925608
	
0.971  			2.800			0.700			80036  		78415  		8992  		60872  		872100  		925560
	
1.962  			2.800			0.700			80036  		78415  		8992  		60760  		872212  		925680
	
0.971  			2.900			0.700			80036  		78415  		8992  		60784  		872188  		925656
	
1.971  			2.800			0.700			80036  		78415  		8992  		60800  		872172  		925640
	
2.923  			2.800			0.700			80036  		78415  		8992  		60872  		872100  		925568
	
1.971  			2.800			0.700			80036  		78415  		8992  		60888  		872076  		925552
	
0.000  			2.800			0.700			80036  		78415  		8992  		60692  		872272  		925748
	
0.000  			2.700			0.700			80036  		78415  		8992  		60772  		872192  		925668
	
0.000  			2.600			0.700			80036  		78415  		8992  		60852  		872112  		925588
	
0.000  			2.600			0.700			80036  		78415  		8992  		60760  		872204  		925680
	
1.000  			2.600			0.700			80036  		78415  		8992  		60876  		872080  		925556
	
1.000  			2.600			0.700			80036  		78415  		8992  		60880  		872076  		925560
	
2.000  			2.500			0.700			80036  		78415  		8992  		60760  		872196  		925680
	
2.962  			2.500			0.700			80036  		78415  		8992  		60796  		872160  		925644
	
2.000  			2.500			0.700			80036  		78415  		8992  		60944  		872004  		925488
	
1.000  			2.500			0.700			80036  		78415  		8992  		60828  		872120  		925612
	
1.000  			2.500			0.700			80036  		78415  		8992  		60564  		872384  		925876
	
2.000  			2.500			0.700			80036  		78415  		8992  		60904  		872044  		925536
	
1.000  			2.500			0.700			80036  		78415  		8992  		60876  		872072  		925564
	
2.000  			2.500			0.700			80036  		78415  		8992  		60568  		872372  		925872
	
2.000  			2.500			0.700			80036  		78415  		8992  		60984  		871956  		925456
	
1.000  			2.500			0.700			80036  		78415  		8992  		60564  		872376  		925876
	
1.000  			2.400			0.700			80036  		78415  		8992  		60764  		872176  		925676
	
1.000  			2.400			0.700			80036  		78415  		8992  		60300  		872632  		926140
	
0.000  			2.400			0.700			80036  		78415  		8992  		60816  		872116  		925624
	
0.000  			2.400			0.700			80036  		78415  		8992  		60712  		872220  		925728
	
1.000  			2.400			0.700			80036  		78415  		8992  		60796  		872136  		925644
	
2.000  			2.300			0.700			80036  		78415  		8992  		60784  		872144  		925652
	
2.000  			2.300			0.700			80036  		78415  		8992  		60752  		872172  		925688
	
2.000  			2.300			0.700			80036  		78415  		8992  		60704  		872220  		925736
	
2.000  			2.300			0.700			80036  		78415  		8992  		60724  		872200  		925716
	
2.000  			2.300			0.700			80036  		78415  		8992  		60648  		872268  		925792
	
2.971  			2.300			0.700			80036  		78415  		8992  		60544  		872372  		925896
	
2.962  			2.300			0.700			80036  		78415  		8992  		60452  		872464  		925988
	
2.000  			2.300			0.700			80036  		78415  		8992  		60696  		872220  		925744
	
2.000  			2.300			0.700			80036  		78415  		8992  		60600  		872308  		925840
	
2.000  			2.300			0.700			80036  		78415  		8992  		60720  		872188  		925720
	
2.000  			2.300			0.700			80036  		78415  		8992  		60648  		872260  		925792
	
1.000  			2.300			0.700			80036  		78415  		8992  		60924  		871984  		925516
	
1.000  			2.200			0.700			80036  		78415  		8992  		60836  		872064  		925604
	
2.000  			2.300			0.700			80036  		78415  		8992  		60684  		872216  		925756
	
2.000  			2.200			0.700			80036  		78415  		8992  		60892  		872004  		925548
	
2.000  			2.200			0.700			80036  		78415  		8992  		60768  		872128  		925672
	
2.000  			2.200			0.700			80036  		78415  		8992  		60684  		872204  		925748
	
2.000  			2.200			0.700			80036  		78415  		8992  		60900  		871988  		925540
	
2.000  			2.200			0.700			80036  		78415  		8992  		60836  		872052  		925604
	
1.000  			2.200			0.700			80036  		78415  		8992  		60764  		872124  		925676
	
2.000  			2.200			0.700			80036  		78415  		8992  		60608  		872272  		925824
	
2.000  			2.200			0.700			80036  		78415  		8992  		60764  		872108  		925676
	
2.000  			2.200			0.700			80036  		78415  		8992  		60768  		872104  		925672
	
3.000  			2.200			0.700			80036  		78415  		8992  		60712  		872160  		925728
	
2.000  			2.200			0.700			80036  		78415  		8992  		60764  		872108  		925676
	
2.000  			2.200			0.700			80036  		78415  		8992  		60736  		872128  		925696
	
3.923  			2.200			0.700			80036  		78415  		8992  		60648  		872216  		925792
	
2.000  			2.200			0.700			80036  		78415  		8992  		60844  		872020  		925596
	
2.000  			2.200			0.700			80036  		78415  		8992  		60784  		872080  		925656
	
1.000  			2.200			0.700			80036  		78415  		8992  		60828  		872036  		925612
	
2.000  			2.200			0.700			80036  		78415  		8992  		60524  		872332  		925916
	
2.000  			2.200			0.700			80036  		78415  		8992  		60512  		872344  		925928
	
