0.000  			0.000			0.000			1404640  		1404596  		29072  		1175280  		4184172  		5340428
	
0.000  			0.000			0.000			1404640  		1404596  		29072  		1176268  		4183164  		5339444
	
0.000  			0.000			0.000			1404640  		1404596  		29072  		1176048  		4183380  		5339664
	
0.000  			0.000			0.000			1404640  		1404596  		29072  		1176000  		4183364  		5339704
	
0.000  			0.000			0.000			1404640  		1404596  		29072  		1175808  		4183620  		5339908
	
0.000  			0.000			0.000			1404640  		1404596  		29072  		1176264  		4183164  		5339452
	
0.000  			0.000			0.000			1404640  		1404596  		29072  		1176212  		4183232  		5339508
	
0.000  			0.000			0.000			1404640  		1404596  		29072  		1176272  		4183172  		5339448
	
0.000  			0.000			0.000			1404640  		1404596  		29072  		1176288  		4183148  		5339424
	
0.000  			0.000			0.000			1404640  		1404596  		29072  		1175936  		4183500  		5339784
	
0.000  			0.000			0.000			1404640  		1404596  		29072  		1176288  		4183148  		5339432
	
0.000  			0.000			0.000			1404640  		1404596  		29072  		1176172  		4183264  		5339548
	
0.000  			0.000			0.000			1404640  		1404596  		29072  		1177288  		4182148  		5338432
	
0.000  			0.000			0.000			1404640  		1404596  		29072  		1177016  		4182420  		5338704
	
0.000  			0.000			0.000			1404640  		1404596  		29072  		1177040  		4182388  		5338680
	
0.000  			0.000			0.000			1404640  		1404596  		29072  		1177048  		4182380  		5338672
	
0.000  			0.000			0.000			1404640  		1404596  		29072  		1176876  		4182552  		5338844
	
0.000  			0.000			0.000			1404640  		1404596  		29072  		1177016  		4182412  		5338704
	
0.000  			0.000			0.000			1404640  		1404596  		29072  		1177224  		4182204  		5338496
	
0.000  			0.000			0.000			1404640  		1404596  		29072  		1177100  		4182328  		5338620
	
