CPUProc			CPU  			MEM  			VSZ  		DRS  		RSS  		USED  		FREE  		AVAILABLE	
0.000  			1.000			1.200			31068  		31046  		13464  		56568  		843572  		929872
	
12.883  			1.500			1.200			31068  		31046  		13464  		56716  		843424  		929724
	
5.961  			4.800			1.200			105940  		105918  		14188  		56936  		843204  		929504
	
3.942  			5.100			1.200			105940  		105918  		14188  		56672  		843468  		929768
	
5.913  			4.600			1.200			105940  		105918  		14188  		56724  		843424  		929716
	
5.942  			5.000			1.200			105940  		105918  		14188  		56692  		843456  		929748
	
5.913  			4.700			1.200			105940  		105918  		14188  		56656  		843492  		929784
	
5.971  			4.900			1.200			105940  		105918  		14188  		56724  		843424  		929716
	
4.913  			5.000			1.200			105940  		105918  		14188  		56752  		843396  		929688
	
4.000  			4.800			1.200			105940  		105918  		14188  		56660  		843488  		929780
	
3.000  			4.900			1.200			105940  		105918  		14188  		56496  		843652  		929944
	
5.942  			4.900			1.200			105940  		105918  		14188  		56604  		843536  		929836
	
4.942  			4.800			1.200			105940  		105918  		14188  		56736  		843388  		929704
	
3.971  			4.900			1.200			105940  		105918  		14188  		56812  		843304  		929628
	
4.980  			4.900			1.200			105940  		105918  		14188  		57004  		843104  		929436
	
5.000  			4.900			1.200			105940  		105918  		14188  		56892  		843208  		929548
	
5.942  			4.800			1.200			105940  		105918  		14188  		56908  		843192  		929532
	
4.000  			4.900			1.200			105940  		105918  		14188  		56940  		843152  		929500
	
4.883  			4.900			1.200			105940  		105918  		14188  		56920  		843156  		929520
	
6.961  			4.800			1.300			106068  		106046  		14344  		56936  		843140  		929504
	
4.913  			5.000			1.300			106068  		106046  		14344  		57056  		843012  		929384
	
3.980  			4.900			1.300			106200  		106178  		14344  		57160  		842900  		929280
	
4.980  			4.800			1.300			106200  		106178  		14344  		57240  		842812  		929200
	
5.922  			4.900			1.300			106200  		106178  		14344  		57304  		842740  		929136
	
4.941  			5.000			1.300			106200  		106178  		14344  		57416  		842620  		929024
	
4.941  			4.800			1.300			106200  		106178  		14344  		57436  		842592  		929004
	
5.961  			4.900			1.300			106200  		106178  		14344  		57596  		842424  		928844
	
5.942  			5.000			1.300			106200  		106178  		14344  		57476  		842536  		928964
	
4.961  			4.900			1.300			106200  		106178  		14344  		57492  		842512  		928948
	
6.913  			5.000			1.300			106200  		106178  		14344  		57472  		842524  		928968
	
2.971  			5.000			1.300			106200  		106178  		14344  		57748  		842240  		928692
	
4.942  			4.900			1.300			106200  		106178  		14344  		57680  		842300  		928760
	
4.980  			5.000			1.300			106200  		106178  		14344  		57552  		842420  		928888
	
4.000  			5.000			1.300			106200  		106178  		14344  		57696  		842268  		928744
	
4.961  			4.900			1.400			106200  		106178  		14572  		57820  		842136  		928620
	
5.941  			5.000			1.400			106200  		106178  		14572  		57916  		842040  		928524
	
5.971  			5.000			1.400			106200  		106178  		14572  		57620  		842320  		928820
	
5.961  			5.000			1.400			106200  		106178  		14572  		57932  		842000  		928508
	
3.961  			5.000			1.400			106200  		106178  		14572  		58000  		841924  		928440
	
4.971  			5.000			1.400			106200  		106178  		14572  		58056  		841868  		928384
	
4.942  			5.000			1.400			106200  		106178  		14572  		58304  		841612  		928136
	
4.913  			5.000			1.400			106332  		106310  		14572  		58456  		841444  		927984
	
5.971  			5.000			1.400			106332  		106310  		14572  		58296  		841604  		928144
	
4.913  			4.900			1.400			106332  		106310  		14572  		58576  		841316  		927864
	
3.980  			5.000			1.400			106460  		106438  		14632  		58616  		841276  		927824
	
4.000  			5.000			1.400			106460  		106438  		14632  		58584  		841300  		927856
	
3.971  			5.000			1.400			106460  		106438  		14632  		58556  		841320  		927884
	
6.942  			4.900			1.400			106460  		106438  		14632  		58416  		841448  		928024
	
4.000  			5.000			1.400			106460  		106438  		14632  		58736  		841120  		927704
	
5.000  			5.000			1.400			106460  		106438  		14632  		58848  		840996  		927592
	
4.000  			5.000			1.400			106460  		106438  		14632  		58964  		840876  		927476
	
5.941  			5.000			1.400			106460  		106438  		14632  		58928  		840904  		927512
	
4.980  			4.900			1.400			106460  		106438  		14632  		59000  		840824  		927440
	
6.942  			5.000			1.400			106460  		106438  		14632  		58896  		840920  		927544
	
3.971  			5.000			1.400			106460  		106438  		14632  		58944  		840860  		927496
	
4.942  			4.900			1.400			106460  		106438  		14632  		59308  		840480  		927132
	
4.971  			5.000			1.400			106460  		106438  		14632  		59244  		840540  		927196
	
4.942  			5.000			1.400			106460  		106438  		14632  		59300  		840472  		927140
	
5.961  			4.900			1.400			106460  		106438  		14632  		59140  		840624  		927300
	
5.980  			5.000			1.400			106460  		106438  		14632  		59076  		840672  		927364
	
5.942  			5.000			1.400			106460  		106438  		14632  		59396  		840352  		927044
	
5.942  			4.900			1.400			106460  		106438  		14632  		59196  		840536  		927244
	
4.980  			5.000			1.400			106460  		106438  		14632  		59536  		840192  		926904
	
4.000  			5.000			1.400			106460  		106438  		14632  		59612  		840108  		926828
	
5.913  			4.900			1.400			106588  		106566  		14892  		59616  		840100  		926824
	
3.962  			5.000			1.400			106588  		106566  		14892  		59824  		839872  		926616
	
4.942  			5.000			1.400			106716  		106694  		15020  		60128  		839568  		926312
	
3.971  			4.900			1.400			106716  		106694  		15020  		60116  		839564  		926324
	
5.971  			4.900			1.400			106716  		106694  		15020  		60120  		839548  		926320
	
3.971  			5.000			1.400			106716  		106694  		15020  		60068  		839580  		926372
	
5.942  			4.900			1.400			106716  		106694  		15020  		60276  		839372  		926164
	
4.980  			5.000			1.400			106716  		106694  		15020  		60256  		839376  		926184
	
3.941  			5.000			1.400			106716  		106694  		15020  		60376  		839256  		926064
	
3.971  			4.900			1.400			106716  		106694  		15020  		60280  		839336  		926160
	
3.913  			5.000			1.400			106716  		106694  		15020  		60508  		839100  		925932
	
3.000  			5.000			1.400			106716  		106694  		15020  		60556  		839040  		925884
	
4.942  			4.900			1.400			106716  		106694  		15020  		60556  		839028  		925884
	
4.942  			4.900			1.400			106716  		106694  		15020  		60672  		838912  		925768
	
1.942  			5.000			1.400			106716  		106694  		15020  		60744  		838832  		925696
	
4.913  			4.900			1.400			106716  		106694  		15020  		60804  		838760  		925636
	
4.942  			5.000			1.400			106716  		106694  		15020  		60752  		838796  		925688
	
3.942  			5.000			1.400			106716  		106694  		15020  		61116  		838420  		925324
	
4.980  			4.900			1.400			106716  		106694  		15020  		61040  		838496  		925400
	
4.971  			5.000			1.400			106716  		106694  		15020  		61036  		838480  		925404
	
3.971  			5.000			1.400			106716  		106694  		15020  		61088  		838424  		925352
	
4.961  			4.900			1.400			106716  		106694  		15020  		61324  		838188  		925116
	
4.942  			5.000			1.400			106848  		106826  		15020  		61344  		838168  		925096
	
4.000  			5.000			1.400			106848  		106826  		15020  		61364  		838140  		925076
	
4.913  			4.900			1.400			106980  		106958  		15020  		61092  		838404  		925348
	
2.980  			4.900			1.400			106980  		106958  		15020  		61260  		838228  		925180
	
3.942  			5.000			1.400			106980  		106958  		15020  		61248  		838232  		925192
	
4.971  			4.900			1.400			106980  		106958  		15020  		61432  		838024  		925008
	
3.980  			4.900			1.400			106980  		106958  		15020  		61652  		837804  		924788
	
4.980  			5.000			1.400			106980  		106958  		15020  		61688  		837760  		924752
	
4.913  			4.900			1.400			106980  		106958  		15020  		61436  		838004  		925004
	
5.000  			4.900			1.400			106980  		106958  		15020  		61528  		837904  		924912
	
3.980  			4.900			1.400			106980  		106958  		15020  		61640  		837776  		924800
	
5.961  			4.900			1.400			106980  		106958  		15020  		61792  		837620  		924648
	
4.961  			4.900			1.400			106980  		106958  		15020  		61908  		837492  		924532
	
4.000  			5.000			1.400			106980  		106958  		15020  		61920  		837472  		924520
	
3.000  			4.900			1.400			106980  		106958  		15020  		62064  		837316  		924376
	
5.913  			4.900			1.400			106980  		106958  		15020  		61904  		837468  		924536
	
3.971  			4.900			1.400			106980  		106958  		15020  		62196  		837164  		924244
	
2.971  			4.900			1.400			106980  		106958  		15020  		62196  		837156  		924244
	
4.980  			4.900			1.400			106980  		106958  		15020  		62400  		836944  		924040
	
6.942  			4.900			1.400			106980  		106958  		15020  		62476  		836852  		923964
	
6.883  			4.900			1.400			106980  		106958  		15020  		62464  		836852  		923976
	
3.942  			4.900			1.400			106980  		106958  		15020  		62640  		836668  		923800
	
4.942  			4.900			1.400			107112  		107090  		15020  		62564  		836732  		923876
	
4.942  			4.900			1.400			107112  		107090  		15020  		62620  		836668  		923820
	
3.000  			4.900			1.400			107112  		107090  		15280  		62364  		836920  		924076
	
1.971  			4.900			1.400			107244  		107222  		15392  		62724  		836548  		923716
	
2.000  			4.900			1.400			107244  		107222  		15652  		62700  		836564  		923740
	
2.971  			4.900			1.400			107244  		107222  		15652  		62652  		836612  		923788
	
1.971  			4.900			1.400			107244  		107222  		15652  		62720  		836532  		923720
	
4.971  			4.800			1.400			107244  		107222  		15652  		62712  		836540  		923728
	
1.980  			4.800			1.400			107244  		107222  		15652  		62852  		836400  		923588
	
2.000  			4.800			1.400			107244  		107222  		15652  		62872  		836368  		923568
	
14.301  			4.800			1.400			107244  		107222  		15652  		62828  		836412  		923612
	
0.000  			4.900			1.400			107244  		107223  		15744  		60540  		838940  		925900
	
