CPUProc			CPU  			MEM  			VSZ  		DRS  		RSS  		USED  		FREE  		AVAILABLE	
1.000  			15.000			0.700			80036  		78415  		9120  		61564  		860668  		924876
	
1.000  			11.000			0.700			80036  		78415  		9120  		61504  		860728  		924936
	
2.942  			9.700			0.700			80036  		78415  		9120  		61644  		860588  		924796
	
1.971  			8.100			0.700			80036  		78415  		9120  		61812  		860420  		924628
	
1.962  			7.500			0.700			80036  		78415  		9120  		61520  		860712  		924920
	
1.000  			6.300			0.700			80036  		78415  		9120  		61472  		860752  		924968
	
1.000  			6.000			0.700			80036  		78415  		9120  		61676  		860548  		924764
	
1.971  			5.600			0.700			80036  		78415  		9120  		61668  		860556  		924772
	
1.000  			5.100			0.700			80036  		78415  		9120  		61708  		860516  		924732
	
1.962  			4.800			0.700			80036  		78415  		9120  		61592  		860632  		924848
	
1.000  			4.500			0.700			80036  		78415  		9120  		61688  		860528  		924752
	
1.962  			4.400			0.700			80036  		78415  		9120  		61600  		860616  		924840
	
1.971  			4.200			0.700			80036  		78415  		9120  		61592  		860624  		924848
	
0.000  			3.900			0.700			80036  		78415  		9120  		61496  		860720  		924944
	
1.000  			3.800			0.700			80036  		78415  		9120  		61584  		860632  		924856
	
1.971  			3.500			0.700			80036  		78415  		9120  		61580  		860636  		924860
	
1.000  			3.500			0.700			80036  		78415  		9120  		61548  		860652  		924892
	
1.000  			3.300			0.700			80036  		78415  		9120  		61716  		860484  		924724
	
1.000  			3.200			0.700			80036  		78415  		9120  		61580  		860620  		924860
	
1.962  			3.100			0.700			80036  		78415  		9120  		61404  		860784  		925028
	
1.000  			3.000			0.700			80036  		78415  		9120  		61340  		860848  		925092
	
1.942  			3.000			0.700			80036  		78415  		9120  		61604  		860584  		924836
	
1.962  			2.800			0.700			80036  		78415  		9120  		61632  		860556  		924808
	
1.000  			2.800			0.700			80036  		78415  		9120  		61476  		860704  		924964
	
0.971  			2.700			0.700			80036  		78415  		9120  		61336  		860844  		925104
	
0.962  			2.700			0.700			80036  		78415  		9120  		61488  		860692  		924952
	
0.971  			2.700			0.700			80036  		78415  		9120  		61556  		860624  		924884
	
1.000  			2.600			0.700			80036  		78415  		9120  		61776  		860404  		924664
	
1.971  			2.600			0.700			80036  		78415  		9120  		61564  		860608  		924876
	
1.000  			2.500			0.700			80036  		78415  		9120  		61656  		860516  		924784
	
1.000  			2.500			0.700			80036  		78415  		9120  		61624  		860548  		924816
	
0.971  			2.400			0.700			80036  		78415  		9120  		61516  		860644  		924916
	
0.000  			2.400			0.700			80036  		78415  		9120  		61740  		860420  		924700
	
0.971  			2.300			0.700			80036  		78415  		9120  		61580  		860580  		924860
	
0.971  			2.300			0.700			80036  		78415  		9120  		61252  		860908  		925188
	
0.962  			2.300			0.700			80036  		78415  		9120  		61576  		860584  		924864
	
0.000  			2.200			0.700			80036  		78415  		9120  		61416  		860736  		925024
	
0.962  			2.200			0.700			80036  		78415  		9120  		61756  		860396  		924684
	
1.000  			2.200			0.700			80036  		78415  		9120  		61316  		860836  		925124
	
0.000  			2.100			0.700			80036  		78415  		9120  		61400  		860752  		925040
	
1.000  			2.100			0.700			80036  		78415  		9120  		61524  		860620  		924908
	
1.962  			2.100			0.700			80036  		78415  		9120  		61512  		860632  		924928
	
1.000  			2.100			0.700			80036  		78415  		9120  		61484  		860660  		924956
	
1.942  			2.000			0.700			80036  		78415  		9120  		61680  		860464  		924760
	
0.000  			2.000			0.700			80036  		78415  		9120  		61416  		860728  		925024
	
1.000  			2.000			0.700			80036  		78415  		9120  		61688  		860448  		924744
	
0.000  			2.000			0.700			80036  		78415  		9120  		61552  		860584  		924888
	
1.000  			2.000			0.700			80036  		78415  		9120  		61664  		860472  		924776
	
1.000  			1.900			0.700			80036  		78415  		9120  		61720  		860416  		924720
	
0.962  			1.900			0.700			80036  		78415  		9120  		61412  		860724  		925028
	
1.000  			1.900			0.700			80036  		78415  		9120  		61448  		860680  		924984
	
0.971  			1.900			0.700			80036  		78415  		9120  		61388  		860736  		925052
	
0.000  			1.800			0.700			80036  		78415  		9120  		61516  		860608  		924924
	
0.971  			1.900			0.700			80036  		78415  		9120  		61444  		860680  		924996
	
1.000  			1.800			0.700			80036  		78415  		9120  		61380  		860744  		925060
	
0.971  			1.800			0.700			80036  		78415  		9120  		61424  		860700  		925016
	
1.000  			1.800			0.700			80036  		78415  		9120  		61508  		860608  		924932
	
0.971  			1.800			0.700			80036  		78415  		9120  		61448  		860668  		924992
	
1.000  			1.800			0.700			80036  		78415  		9120  		61484  		860632  		924956
	
1.971  			1.800			0.700			80036  		78415  		9120  		61512  		860596  		924920
	
1.971  			1.700			0.700			80036  		78415  		9120  		61636  		860472  		924804
	
1.000  			1.700			0.700			80036  		78415  		9120  		61524  		860584  		924916
	
1.000  			1.700			0.700			80036  		78415  		9120  		61512  		860596  		924928
	
1.971  			1.700			0.700			80036  		78415  		9120  		61560  		860548  		924880
	
0.000  			1.700			0.700			80036  		78415  		9120  		61516  		860592  		924924
	
1.000  			1.700			0.700			80036  		78415  		9120  		61548  		860552  		924892
	
0.971  			1.700			0.700			80036  		78415  		9120  		61520  		860580  		924920
	
0.962  			1.700			0.700			80036  		78415  		9120  		61424  		860676  		925016
	
0.971  			1.700			0.700			80036  		78415  		9120  		61276  		860824  		925164
	
0.000  			1.600			0.700			80036  		78415  		9120  		61076  		861016  		925356
	
0.000  			1.600			0.700			80036  		78415  		9120  		61476  		860616  		924964
	
1.000  			1.600			0.700			80036  		78415  		9120  		61328  		860764  		925112
	
1.962  			1.600			0.700			80036  		78415  		9120  		61424  		860668  		925016
	
0.000  			1.600			0.700			80036  		78415  		9120  		61448  		860636  		924984
	
0.000  			1.600			0.700			80036  		78415  		9120  		61484  		860600  		924956
	
0.971  			1.600			0.700			80036  		78415  		9120  		61484  		860600  		924956
	
0.962  			1.600			0.700			80036  		78415  		9120  		61376  		860708  		925064
	
1.971  			1.600			0.700			80036  		78415  		9120  		61412  		860672  		925028
	
1.000  			1.600			0.700			80036  		78415  		9120  		61476  		860608  		924964
	
1.000  			1.600			0.700			80036  		78415  		9120  		61364  		860712  		925076
	
1.971  			1.600			0.700			80036  		78415  		9120  		61312  		860764  		925128
	
0.971  			1.500			0.700			80036  		78415  		9120  		61216  		860860  		925224
	
1.971  			1.500			0.700			80036  		78415  		9120  		61408  		860668  		925032
	
1.923  			1.500			0.700			80036  		78415  		9120  		61532  		860540  		924904
	
1.000  			1.500			0.700			80036  		78415  		9120  		61484  		860584  		924956
	
1.962  			1.500			0.700			80036  		78415  		9120  		61604  		860464  		924836
	
1.000  			1.500			0.700			80036  		78415  		9120  		61224  		860844  		925216
	
0.000  			1.500			0.700			80036  		78415  		9120  		61392  		860668  		925040
	
0.962  			1.500			0.700			80036  		78415  		9120  		61444  		860616  		924996
	
1.000  			1.500			0.700			80036  		78415  		9120  		61400  		860660  		925040
	
0.962  			1.500			0.700			80036  		78415  		9120  		61464  		860596  		924976
	
1.971  			1.500			0.700			80036  		78415  		9120  		61420  		860632  		925012
	
0.000  			1.500			0.700			80036  		78415  		9120  		61392  		860660  		925040
	
0.000  			1.500			0.700			80036  		78415  		9120  		61716  		860336  		924724
	
0.971  			1.500			0.700			80036  		78415  		9120  		61484  		860568  		924956
	
1.000  			1.500			0.700			80036  		78415  		9120  		61564  		860488  		924876
	
1.962  			1.500			0.700			80036  		78415  		9120  		61512  		860532  		924928
	
0.000  			1.500			0.700			80036  		78415  		9120  		61464  		860580  		924976
	
0.000  			1.400			0.700			80036  		78415  		9120  		61604  		860440  		924836
	
1.971  			1.400			0.700			80036  		78415  		9120  		61460  		860576  		924972
	
1.962  			1.400			0.700			80036  		78415  		9120  		61552  		860484  		924888
	
0.971  			1.400			0.700			80036  		78415  		9120  		61444  		860592  		924996
	
1.000  			1.400			0.700			80036  		78415  		9120  		61428  		860608  		925012
	
0.971  			1.400			0.700			80036  		78415  		9120  		61432  		860600  		925008
	
1.000  			1.400			0.700			80036  		78415  		9120  		61252  		860776  		925184
	
0.971  			1.400			0.700			80036  		78415  		9120  		61408  		860616  		925032
	
1.962  			1.400			0.700			80036  		78415  		9120  		61500  		860524  		924940
	
1.971  			1.400			0.700			80036  		78415  		9120  		61512  		860512  		924928
	
1.000  			1.400			0.700			80036  		78415  		9120  		61468  		860548  		924972
	
0.000  			1.400			0.700			80036  		78415  		9120  		61392  		860624  		925048
	
0.000  			1.400			0.700			80036  		78415  		9120  		61460  		860556  		924980
	
0.962  			1.400			0.700			80036  		78415  		9120  		61528  		860488  		924912
	
0.971  			1.400			0.700			80036  		78415  		9120  		61508  		860508  		924932
	
0.000  			1.400			0.700			80036  		78415  		9120  		61536  		860472  		924896
	
1.000  			1.400			0.700			80036  		78415  		9120  		61452  		860556  		924988
	
0.000  			1.400			0.700			80036  		78415  		9120  		61484  		860524  		924956
	
0.971  			1.400			0.700			80036  		78415  		9120  		61460  		860548  		924980
	
0.000  			1.400			0.700			80036  		78415  		9120  		61520  		860488  		924920
	
0.962  			1.300			0.700			80036  		78415  		9120  		61416  		860584  		925016
	
1.000  			1.300			0.700			80036  		78415  		9120  		61452  		860548  		924988
	
