CPUProc			CPU  			MEM  			VSZ  		DRS  		RSS  		USED  		FREE  		AVAILABLE	
0.000  			0.000			0.900			31068  		31046  		11036  		56480  		866960  		929952
	
8.961  			2.500			0.900			31068  		31046  		11036  		56916  		866524  		929524
	
4.913  			3.700			1.200			105940  		105918  		14000  		56932  		866508  		929508
	
4.971  			3.900			1.200			105940  		105918  		14000  		56688  		866752  		929752
	
0.000  			4.000			1.200			105940  		105918  		14000  		56608  		866832  		929832
	
2.000  			3.400			1.200			105940  		105918  		14000  		56732  		866700  		929708
	
3.971  			3.500			1.200			105940  		105918  		14000  		56636  		866796  		929804
	
4.942  			3.300			1.200			105940  		105918  		14000  		56684  		866748  		929756
	
1.961  			3.400			1.200			105940  		105918  		14000  		56716  		866716  		929724
	
2.000  			3.400			1.200			105940  		105918  		14000  		56692  		866740  		929748
	
2.000  			3.200			1.200			105940  		105918  		14000  		56620  		866804  		929820
	
2.000  			3.300			1.200			105940  		105918  		14000  		56668  		866756  		929772
	
3.971  			3.100			1.200			105940  		105918  		14000  		56832  		866592  		929608
	
2.000  			3.300			1.200			105940  		105918  		14000  		56772  		866644  		929660
	
3.971  			3.100			1.200			105940  		105918  		14000  		56760  		866656  		929672
	
2.000  			3.300			1.200			105940  		105918  		14000  		56956  		866460  		929484
	
3.971  			3.200			1.200			105940  		105918  		14000  		56872  		866544  		929568
	
3.971  			3.000			1.200			105940  		105918  		14000  		56824  		866584  		929616
	
1.971  			3.200			1.200			105940  		105918  		14000  		56808  		866600  		929632
	
3.971  			3.200			1.200			105940  		105918  		14000  		56624  		866776  		929816
	
3.942  			3.100			1.200			105940  		105918  		14000  		56804  		866596  		929636
	
2.971  			3.100			1.200			105940  		105918  		14000  		56964  		866436  		929476
	
3.942  			3.100			1.200			105940  		105918  		14000  		56852  		866540  		929588
	
1.942  			3.100			1.200			105940  		105918  		14000  		57028  		866364  		929412
	
3.971  			3.100			1.200			105940  		105918  		14000  		56960  		866424  		929480
	
1.971  			3.200			1.200			105940  		105918  		14000  		56984  		866392  		929456
	
1.980  			3.100			1.200			105940  		105918  		14000  		56968  		866408  		929472
	
2.980  			3.100			1.200			105940  		105918  		14000  		56980  		866396  		929460
	
3.971  			3.100			1.200			105940  		105918  		14000  		57048  		866304  		929392
	
3.942  			3.100			1.200			105940  		105918  		14000  		57244  		866108  		929196
	
3.000  			3.100			1.200			105940  		105918  		14000  		57180  		866172  		929260
	
2.942  			3.100			1.200			105940  		105918  		14000  		57000  		866344  		929440
	
2.000  			3.100			1.200			106072  		106050  		14000  		57024  		866304  		929416
	
3.942  			3.100			1.200			106072  		106050  		14000  		57024  		866304  		929416
	
3.971  			3.100			1.200			106204  		106182  		14000  		57152  		866176  		929288
	
1.980  			3.100			1.200			106204  		106182  		14000  		57620  		865700  		928820
	
2.971  			3.100			1.200			106204  		106182  		14000  		57688  		865624  		928752
	
3.000  			3.100			1.200			106204  		106182  		14000  		57648  		865656  		928792
	
3.941  			3.100			1.200			106204  		106182  		14000  		57376  		865928  		929064
	
2.971  			3.100			1.200			106204  		106182  		14000  		57652  		865636  		928780
	
2.913  			3.100			1.200			106204  		106182  		14000  		57664  		865616  		928768
	
2.971  			3.100			1.200			106204  		106182  		14000  		57784  		865496  		928656
	
2.000  			3.100			1.200			106204  		106182  		14000  		57632  		865640  		928808
	
4.961  			3.100			1.200			106204  		106182  		14000  		57716  		865556  		928724
	
1.971  			3.100			1.200			106204  		106182  		14000  		57884  		865388  		928556
	
2.000  			3.100			1.200			106204  		106182  		14000  		58048  		865208  		928392
	
3.942  			3.100			1.200			106204  		106182  		14000  		58036  		865212  		928404
	
2.000  			3.100			1.200			106204  		106182  		14000  		57936  		865312  		928504
	
3.980  			3.100			1.200			106204  		106182  		14000  		58040  		865200  		928400
	
2.971  			3.100			1.200			106204  		106182  		14000  		58000  		865232  		928432
	
1.980  			3.100			1.200			106204  		106182  		14000  		58064  		865148  		928376
	
4.000  			3.100			1.200			106204  		106182  		14000  		58152  		865060  		928288
	
3.000  			3.100			1.200			106204  		106182  		14000  		58120  		865092  		928320
	
2.942  			3.100			1.200			106204  		106182  		14000  		58136  		865068  		928296
	
1.971  			3.100			1.400			106204  		106182  		14512  		58320  		864884  		928120
	
3.942  			3.100			1.400			106204  		106182  		14512  		58336  		864860  		928104
	
4.942  			3.100			1.400			106204  		106182  		14512  		58276  		864920  		928164
	
2.000  			3.100			1.400			106204  		106182  		14512  		58300  		864896  		928140
	
2.942  			3.100			1.400			106204  		106182  		14512  		58168  		865012  		928264
	
3.942  			3.100			1.400			106204  		106182  		14512  		58340  		864832  		928100
	
1.980  			3.100			1.400			106204  		106182  		14512  		58356  		864816  		928084
	
2.942  			3.100			1.400			106204  		106182  		14512  		58268  		864896  		928172
	
2.000  			3.100			1.400			106204  		106182  		14512  		58436  		864712  		927996
	
2.913  			3.100			1.400			106204  		106182  		14512  		58600  		864548  		927840
	
2.971  			3.100			1.400			106204  		106182  		14512  		58560  		864580  		927880
	
3.980  			3.100			1.400			106204  		106182  		14512  		58400  		864740  		928040
	
2.000  			3.100			1.400			106204  		106182  		14512  		58496  		864636  		927944
	
2.971  			3.100			1.400			106204  		106182  		14512  		58520  		864604  		927920
	
2.971  			3.100			1.400			106204  		106182  		14512  		58704  		864412  		927736
	
1.971  			3.100			1.400			106204  		106182  		14512  		58404  		864712  		928036
	
3.000  			3.100			1.400			106460  		106438  		14636  		58432  		864668  		928008
	
1.980  			3.100			1.400			106460  		106438  		14636  		58524  		864568  		927916
	
2.980  			3.100			1.400			106460  		106438  		14636  		58544  		864548  		927896
	
2.971  			3.100			1.400			106460  		106438  		14636  		58900  		864184  		927540
	
2.961  			3.100			1.400			106460  		106438  		14636  		58548  		864536  		927892
	
3.980  			3.100			1.400			106460  		106438  		14636  		58812  		864256  		927628
	
2.942  			3.100			1.400			106460  		106438  		14636  		58824  		864236  		927616
	
1.942  			3.100			1.400			106460  		106438  		14636  		58824  		864228  		927616
	
3.971  			3.100			1.400			106460  		106438  		14636  		58904  		864148  		927536
	
3.000  			3.100			1.400			106460  		106438  		14636  		59084  		863960  		927356
	
3.000  			3.100			1.400			106460  		106438  		14636  		58984  		864060  		927456
	
2.000  			3.100			1.400			106460  		106438  		14636  		58976  		864052  		927464
	
2.942  			3.100			1.400			106460  		106438  		14636  		58996  		864032  		927444
	
3.000  			3.100			1.400			106460  		106438  		14636  		59016  		863996  		927424
	
2.000  			3.100			1.400			106460  		106438  		14636  		59144  		863868  		927296
	
4.000  			3.100			1.400			106460  		106438  		14636  		59176  		863828  		927264
	
3.971  			3.100			1.400			106460  		106438  		14636  		59216  		863780  		927224
	
2.000  			3.100			1.400			106460  		106438  		14636  		58816  		864180  		927624
	
1.942  			3.100			1.400			106460  		106438  		14636  		59316  		863664  		927124
	
4.971  			3.100			1.400			106460  		106438  		14636  		59340  		863640  		927100
	
3.961  			3.100			1.400			106460  		106438  		14636  		59228  		863752  		927212
	
3.000  			3.100			1.400			106460  		106438  		14636  		59416  		863556  		927020
	
2.971  			3.100			1.400			106460  		106438  		14636  		59484  		863472  		926956
	
2.971  			3.100			1.400			106460  		106438  		14636  		59480  		863476  		926960
	
2.942  			3.100			1.400			106460  		106438  		14636  		59412  		863544  		927028
	
3.971  			3.100			1.400			106460  		106438  		14636  		59628  		863312  		926812
	
2.942  			3.100			1.400			106460  		106438  		14636  		59740  		863200  		926700
	
2.000  			3.100			1.400			106460  		106438  		14636  		59784  		863132  		926656
	
4.000  			3.100			1.400			106460  		106438  		14636  		59948  		862964  		926492
	
2.971  			3.100			1.400			106460  		106438  		14636  		59956  		862948  		926484
	
3.971  			3.100			1.400			106460  		106438  		14636  		60016  		862876  		926420
	
2.942  			3.100			1.400			106460  		106438  		14636  		60052  		862832  		926388
	
3.000  			3.100			1.400			106460  		106438  		14636  		60176  		862700  		926264
	
2.971  			3.100			1.400			106460  		106438  		14636  		60128  		862744  		926312
	
2.000  			3.100			1.400			106460  		106438  		14636  		60096  		862760  		926336
	
2.000  			3.100			1.400			106460  		106438  		14636  		60088  		862768  		926352
	
4.980  			3.100			1.400			106592  		106570  		14636  		60196  		862648  		926244
	
1.971  			3.100			1.400			106592  		106570  		14636  		60152  		862676  		926288
	
2.971  			3.100			1.400			106720  		106698  		14764  		60328  		862500  		926112
	
3.980  			3.100			1.400			106720  		106698  		14764  		60268  		862556  		926172
	
2.942  			3.100			1.400			106720  		106698  		14764  		60196  		862612  		926244
	
2.942  			3.100			1.400			106720  		106698  		14764  		60304  		862504  		926136
	
2.980  			3.100			1.400			106720  		106698  		14764  		60364  		862436  		926076
	
1.971  			3.100			1.400			106720  		106698  		14764  		60428  		862372  		926012
	
3.942  			3.100			1.400			106720  		106698  		14764  		60364  		862420  		926068
	
2.942  			3.100			1.400			106720  		106698  		14764  		60384  		862400  		926056
	
5.913  			3.100			1.400			106720  		106698  		14764  		60416  		862360  		926024
	
4.000  			3.100			1.400			106720  		106698  		14764  		60676  		862100  		925764
	
2.980  			3.100			1.400			106720  		106698  		14764  		60832  		861924  		925600
	
3.000  			3.100			1.400			106720  		106698  		14764  		60692  		862064  		925748
	
