CPUProc			CPU  			MEM  			VSZ  		DRS  		RSS  		USED  		FREE  		AVAILABLE	
0.000  			3.100			0.900			30940  		30918  		10848  		56860  		861728  		929580
	
3.942  			2.100			1.200			31068  		31046  		13352  		57224  		861364  		929216
	
2.000  			2.700			1.200			105940  		105918  		14084  		57480  		861108  		928960
	
1.000  			2.300			1.200			105940  		105918  		14228  		57280  		861308  		929160
	
0.000  			2.000			1.200			105940  		105918  		14228  		57076  		861512  		929364
	
2.942  			1.800			1.200			105940  		105918  		14228  		57004  		861584  		929436
	
0.000  			1.600			1.200			105940  		105918  		14228  		57072  		861508  		929368
	
1.971  			1.600			1.200			105940  		105918  		14228  		57176  		861412  		929264
	
1.000  			1.600			1.200			105940  		105918  		14228  		57176  		861412  		929264
	
1.000  			1.400			1.200			105940  		105918  		14228  		56960  		861620  		929480
	
1.000  			1.400			1.200			105940  		105918  		14228  		57220  		861360  		929220
	
1.000  			1.500			1.200			105940  		105918  		14228  		57048  		861532  		929392
	
0.980  			1.200			1.200			105940  		105918  		14228  		57128  		861452  		929312
	
2.971  			1.300			1.200			105940  		105918  		14228  		56972  		861608  		929468
	
1.000  			1.400			1.200			105940  		105918  		14228  		57108  		861464  		929332
	
2.000  			1.300			1.200			105940  		105918  		14228  		56964  		861608  		929476
	
0.000  			1.300			1.200			105940  		105918  		14228  		56984  		861588  		929456
	
1.000  			1.200			1.200			105940  		105918  		14228  		56976  		861588  		929456
	
1.980  			1.200			1.200			105940  		105918  		14228  		56812  		861752  		929628
	
0.971  			1.200			1.200			105940  		105918  		14228  		57100  		861464  		929340
	
1.000  			1.300			1.200			105940  		105918  		14228  		57012  		861552  		929428
	
1.000  			1.200			1.200			105940  		105918  		14228  		57004  		861560  		929436
	
0.000  			1.200			1.200			105940  		105918  		14228  		57136  		861428  		929304
	
2.000  			1.200			1.200			105940  		105918  		14228  		56792  		861764  		929648
	
2.913  			1.200			1.200			105940  		105918  		14228  		56844  		861712  		929596
	
0.000  			1.200			1.200			105940  		105918  		14228  		57172  		861384  		929268
	
1.971  			1.200			1.200			105940  		105918  		14228  		56936  		861620  		929504
	
1.000  			1.200			1.200			105940  		105918  		14228  		56904  		861644  		929536
	
0.000  			1.200			1.200			105940  		105918  		14228  		56900  		861648  		929540
	
3.000  			1.200			1.200			105940  		105918  		14228  		57104  		861444  		929336
	
0.000  			1.200			1.200			105940  		105918  		14228  		56980  		861568  		929460
	
2.000  			1.200			1.200			105940  		105918  		14228  		56932  		861600  		929508
	
1.000  			1.200			1.200			105940  		105918  		14228  		57040  		861492  		929400
	
0.980  			1.100			1.200			105940  		105918  		14228  		57176  		861356  		929264
	
0.000  			1.200			1.200			105940  		105918  		14228  		57208  		861324  		929232
	
3.000  			1.100			1.200			105940  		105918  		14228  		57064  		861468  		929376
	
1.000  			1.100			1.200			105940  		105918  		14228  		57164  		861352  		929276
	
0.980  			1.200			1.200			105940  		105918  		14228  		57344  		861172  		929096
	
1.000  			1.200			1.200			105940  		105918  		14228  		57332  		861184  		929108
	
0.000  			1.100			1.200			105940  		105918  		14228  		57180  		861336  		929260
	
1.000  			1.200			1.200			105940  		105918  		14228  		57272  		861244  		929168
	
2.942  			1.100			1.200			105940  		105918  		14228  		57204  		861296  		929236
	
2.000  			1.100			1.200			105940  		105918  		14228  		57272  		861228  		929168
	
0.000  			1.200			1.200			105940  		105918  		14228  		57116  		861384  		929324
	
0.980  			1.100			1.200			105940  		105918  		14228  		57252  		861240  		929180
	
1.000  			1.100			1.200			105940  		105918  		14228  		57296  		861196  		929144
	
1.971  			1.100			1.200			105940  		105918  		14228  		57252  		861232  		929188
	
2.000  			1.100			1.200			105940  		105918  		14228  		57280  		861204  		929160
	
0.971  			1.100			1.200			105940  		105918  		14228  		57340  		861144  		929100
	
0.000  			1.100			1.200			105940  		105918  		14228  		57252  		861232  		929188
	
0.000  			1.100			1.200			105940  		105918  		14228  		57168  		861304  		929272
	
1.000  			1.100			1.200			105940  		105918  		14228  		57276  		861188  		929164
	
0.971  			1.100			1.200			105940  		105918  		14228  		57236  		861228  		929204
	
2.000  			1.100			1.200			105940  		105918  		14228  		57144  		861312  		929296
	
2.000  			1.100			1.200			105940  		105918  		14228  		57348  		861108  		929092
	
0.000  			1.100			1.200			105940  		105918  		14228  		57348  		861108  		929092
	
1.000  			1.100			1.200			105940  		105918  		14228  		57340  		861108  		929100
	
0.980  			1.100			1.200			105940  		105918  		14228  		57200  		861240  		929240
	
1.980  			1.100			1.200			105940  		105918  		14228  		57436  		861004  		929004
	
0.000  			1.100			1.200			105940  		105918  		14228  		57356  		861084  		929084
	
0.000  			1.100			1.200			105940  		105918  		14228  		57372  		861068  		929068
	
1.971  			1.100			1.200			105940  		105918  		14244  		57620  		860812  		928812
	
0.000  			1.100			1.200			105940  		105918  		14244  		57584  		860840  		928856
	
1.980  			1.100			1.200			105940  		105918  		14248  		57568  		860856  		928872
	
0.000  			1.100			1.200			105940  		105918  		14248  		57764  		860660  		928676
	
1.961  			1.100			1.200			105940  		105918  		14248  		57928  		860496  		928512
	
2.000  			1.100			1.200			105940  		105918  		14248  		57724  		860692  		928716
	
1.000  			1.100			1.200			105940  		105918  		14248  		57728  		860688  		928712
	
2.000  			1.100			1.200			105940  		105918  		14248  		57596  		860812  		928844
	
0.000  			1.100			1.200			105940  		105918  		14248  		57556  		860852  		928884
	
0.971  			1.100			1.200			105940  		105918  		14248  		57612  		860792  		928824
	
2.000  			1.100			1.200			105940  		105918  		14248  		57740  		860652  		928700
	
0.000  			1.100			1.200			105940  		105918  		14248  		57644  		860748  		928796
	
1.000  			1.100			1.200			105940  		105918  		14248  		57652  		860740  		928788
	
1.971  			1.100			1.200			105940  		105918  		14248  		57808  		860576  		928624
	
1.000  			1.100			1.200			105940  		105918  		14248  		57656  		860728  		928784
	
2.000  			1.100			1.200			105940  		105918  		14248  		57908  		860476  		928532
	
2.000  			1.100			1.200			105940  		105918  		14248  		57764  		860620  		928676
	
1.000  			1.100			1.200			105940  		105918  		14248  		57832  		860544  		928608
	
0.971  			1.100			1.200			105940  		105918  		14248  		57784  		860584  		928648
	
2.000  			1.100			1.200			105940  		105918  		14248  		57900  		860468  		928532
	
1.000  			1.100			1.200			105940  		105918  		14248  		57684  		860684  		928756
	
0.980  			1.100			1.200			105940  		105918  		14248  		57796  		860572  		928644
	
0.000  			1.100			1.200			105940  		105918  		14248  		57652  		860716  		928788
	
1.971  			1.100			1.200			105940  		105918  		14248  		57684  		860676  		928748
	
1.000  			1.100			1.200			105940  		105918  		14248  		57744  		860616  		928696
	
2.000  			1.100			1.200			105940  		105918  		14248  		57932  		860428  		928508
	
0.980  			1.100			1.200			105940  		105918  		14248  		57856  		860504  		928584
	
2.000  			1.100			1.200			105940  		105918  		14248  		57820  		860532  		928620
	
0.971  			1.100			1.200			105940  		105918  		14248  		57708  		860632  		928732
	
1.000  			1.100			1.200			105940  		105918  		14248  		57776  		860560  		928664
	
0.971  			1.100			1.200			105940  		105918  		14248  		58060  		860276  		928380
	
1.971  			1.100			1.200			105940  		105918  		14248  		57912  		860424  		928528
	
2.942  			1.100			1.200			105940  		105918  		14248  		57860  		860468  		928580
	
1.000  			1.100			1.200			105940  		105918  		14248  		57888  		860432  		928552
	
1.000  			1.100			1.200			106068  		106046  		14404  		58012  		860308  		928428
	
0.000  			1.100			1.200			106068  		106046  		14404  		57980  		860340  		928460
	
1.980  			1.100			1.200			106068  		106046  		14404  		57884  		860436  		928556
	
0.000  			1.100			1.200			106068  		106046  		14404  		57948  		860364  		928492
	
0.000  			1.100			1.200			106200  		106178  		14404  		58228  		860072  		928212
	
1.942  			1.100			1.200			106200  		106178  		14404  		57904  		860388  		928536
	
0.971  			1.100			1.200			106200  		106178  		14404  		57988  		860304  		928452
	
3.000  			1.100			1.200			106200  		106178  		14404  		58032  		860244  		928400
	
0.000  			1.100			1.200			106200  		106178  		14404  		58056  		860220  		928384
	
1.000  			1.100			1.200			106200  		106178  		14404  		57936  		860340  		928504
	
1.980  			1.100			1.200			106200  		106178  		14404  		57896  		860380  		928544
	
1.000  			1.100			1.200			106200  		106178  		14404  		58044  		860232  		928396
	
1.000  			1.100			1.200			106200  		106178  		14404  		58164  		860112  		928276
	
1.971  			1.100			1.200			106200  		106178  		14404  		58264  		860012  		928176
	
2.000  			1.100			1.200			106200  		106178  		14404  		58028  		860224  		928412
	
0.971  			1.100			1.200			106200  		106178  		14404  		57988  		860264  		928452
	
2.000  			1.100			1.200			106200  		106178  		14404  		58068  		860184  		928372
	
0.000  			1.100			1.200			106200  		106178  		14404  		58156  		860088  		928276
	
1.000  			1.100			1.200			106200  		106178  		14404  		58180  		860064  		928260
	
3.913  			1.100			1.200			106200  		106178  		14404  		58096  		860148  		928344
	
0.000  			1.100			1.200			106200  		106178  		14404  		58120  		860124  		928320
	
1.000  			1.100			1.200			106200  		106178  		14404  		58160  		860084  		928280
	
1.000  			1.100			1.200			106200  		106178  		14404  		58428  		859808  		928012
	
0.980  			1.100			1.200			106200  		106178  		14404  		58344  		859884  		928096
	
1.971  			1.100			1.200			106200  		106178  		14404  		58288  		859932  		928152
	
