CPUProc			CPU  			MEM  			VSZ  		DRS  		RSS  		USED  		FREE  		AVAILABLE	
0.000  			0.200			1.200			31068  		31046  		13412  		57348  		842388  		929092
	
9.883  			1.600			1.200			31068  		31046  		13412  		57476  		842260  		928964
	
3.942  			4.400			1.200			87500  		87478  		14148  		57768  		841968  		928672
	
3.971  			4.900			1.200			87500  		87478  		14148  		57264  		842472  		929176
	
4.942  			4.100			1.200			96720  		96698  		14148  		57072  		842664  		929368
	
5.000  			4.500			1.200			96720  		96698  		14148  		57348  		842388  		929092
	
4.980  			4.400			1.200			105940  		105918  		14148  		57432  		842304  		929008
	
4.971  			4.300			1.200			105940  		105918  		14148  		57400  		842336  		929040
	
4.941  			4.300			1.200			105940  		105918  		14148  		57376  		842360  		929064
	
3.000  			4.600			1.200			105940  		105918  		14148  		57336  		842400  		929104
	
3.971  			4.200			1.200			105940  		105918  		14148  		57280  		842456  		929160
	
5.942  			4.300			1.200			105940  		105918  		14148  		57416  		842320  		929024
	
4.000  			4.400			1.200			105940  		105918  		14148  		57608  		842128  		928832
	
5.980  			4.100			1.200			105940  		105918  		14148  		57560  		842176  		928880
	
4.942  			4.300			1.200			105940  		105918  		14148  		57660  		842076  		928780
	
2.971  			4.400			1.200			105940  		105918  		14148  		57732  		841996  		928708
	
2.000  			4.200			1.200			105940  		105918  		14148  		57416  		842312  		929024
	
2.980  			4.200			1.200			105940  		105918  		14148  		57632  		842088  		928808
	
5.971  			4.300			1.200			105940  		105918  		14148  		57640  		842072  		928800
	
5.913  			4.300			1.200			105940  		105918  		14148  		57792  		841916  		928648
	
3.980  			4.300			1.200			105940  		105918  		14148  		57788  		841920  		928652
	
3.942  			4.300			1.200			105940  		105918  		14148  		57848  		841860  		928592
	
4.980  			4.300			1.200			105940  		105918  		14148  		57692  		842000  		928748
	
4.000  			4.300			1.200			106068  		106046  		14364  		57876  		841816  		928564
	
4.980  			4.300			1.200			106200  		106178  		14364  		57792  		841884  		928648
	
4.971  			4.200			1.200			106200  		106178  		14364  		57880  		841788  		928560
	
4.000  			4.300			1.200			106200  		106178  		14364  		58072  		841596  		928368
	
2.971  			4.300			1.200			106200  		106178  		14364  		58112  		841540  		928328
	
2.971  			4.300			1.200			106200  		106178  		14364  		58136  		841516  		928304
	
2.942  			4.300			1.200			106200  		106178  		14364  		58052  		841584  		928388
	
3.980  			4.300			1.200			106200  		106178  		14364  		58312  		841324  		928128
	
5.942  			4.200			1.200			106200  		106178  		14364  		58296  		841332  		928144
	
3.942  			4.300			1.200			106200  		106178  		14364  		58092  		841528  		928348
	
3.942  			4.300			1.200			106200  		106178  		14364  		58388  		841232  		928052
	
3.942  			4.300			1.200			106200  		106178  		14364  		58544  		841068  		927896
	
5.913  			4.300			1.200			106200  		106178  		14364  		58440  		841164  		928000
	
4.971  			4.300			1.200			106200  		106178  		14364  		58520  		841084  		927920
	
3.000  			4.300			1.200			106200  		106178  		14364  		58492  		841096  		927948
	
3.942  			4.200			1.200			106200  		106178  		14364  		58600  		840988  		927840
	
4.971  			4.300			1.300			106200  		106178  		14600  		58604  		840976  		927836
	
4.961  			4.200			1.300			106200  		106178  		14600  		58684  		840888  		927756
	
3.971  			4.200			1.300			106200  		106178  		14600  		58556  		841016  		927884
	
2.971  			4.300			1.300			106200  		106178  		14600  		58680  		840876  		927760
	
3.971  			4.200			1.300			106200  		106178  		14600  		58744  		840804  		927696
	
3.942  			4.300			1.300			106200  		106178  		14600  		58760  		840788  		927680
	
3.971  			4.300			1.300			106200  		106178  		14600  		58724  		840816  		927716
	
3.000  			4.200			1.300			106200  		106178  		14600  		58712  		840812  		927728
	
6.913  			4.200			1.300			106200  		106178  		14600  		58812  		840712  		927628
	
2.971  			4.300			1.300			106200  		106178  		14600  		58908  		840600  		927532
	
4.000  			4.200			1.300			106332  		106310  		14600  		59136  		840352  		927304
	
3.971  			4.300			1.300			106460  		106438  		14664  		59000  		840488  		927440
	
3.942  			4.300			1.300			106460  		106438  		14664  		59164  		840316  		927276
	
2.971  			4.200			1.300			106460  		106438  		14664  		59136  		840336  		927304
	
4.942  			4.200			1.300			106460  		106438  		14664  		58900  		840564  		927540
	
5.913  			4.300			1.300			106460  		106438  		14664  		59104  		840360  		927336
	
3.971  			4.200			1.300			106460  		106438  		14664  		59244  		840204  		927196
	
3.971  			4.200			1.300			106460  		106438  		14664  		59164  		840284  		927276
	
4.971  			4.300			1.300			106460  		106438  		14664  		59564  		839884  		926876
	
4.883  			4.200			1.300			106460  		106438  		14664  		59580  		839860  		926860
	
2.000  			4.200			1.300			106460  		106438  		14664  		59680  		839752  		926760
	
4.000  			4.300			1.300			106460  		106438  		14664  		59568  		839864  		926872
	
4.942  			4.200			1.300			106460  		106438  		14664  		59708  		839708  		926732
	
3.980  			4.200			1.300			106460  		106438  		14664  		59728  		839688  		926712
	
3.971  			4.300			1.300			106460  		106438  		14664  		59888  		839516  		926552
	
3.000  			4.300			1.300			106460  		106438  		14664  		59776  		839620  		926664
	
5.942  			4.200			1.300			106460  		106438  		14664  		59936  		839452  		926504
	
2.942  			4.300			1.300			106460  		106438  		14664  		59972  		839404  		926468
	
3.971  			4.300			1.300			106460  		106438  		14664  		60044  		839324  		926396
	
5.971  			4.200			1.300			106460  		106438  		14664  		60076  		839288  		926364
	
2.913  			4.200			1.300			106460  		106438  		14664  		60172  		839184  		926268
	
4.000  			4.300			1.300			106460  		106438  		14664  		60192  		839148  		926248
	
7.913  			4.200			1.300			106460  		106438  		14664  		60132  		839200  		926308
	
2.971  			4.200			1.300			106460  		106438  		14664  		59988  		839336  		926452
	
4.971  			4.300			1.300			106460  		106438  		14664  		60224  		839088  		926216
	
2.961  			4.200			1.400			106588  		106566  		14924  		60252  		839052  		926188
	
3.941  			4.300			1.400			106588  		106566  		14924  		60436  		838856  		926004
	
4.942  			4.300			1.400			106716  		106694  		15052  		60280  		839012  		926160
	
3.971  			4.200			1.400			106716  		106694  		15052  		60544  		838740  		925896
	
5.942  			4.200			1.400			106716  		106694  		15052  		60480  		838792  		925960
	
3.942  			4.300			1.400			106716  		106694  		15052  		60496  		838772  		925944
	
5.971  			4.200			1.400			106716  		106694  		15052  		60588  		838664  		925852
	
3.000  			4.200			1.400			106716  		106694  		15052  		60632  		838616  		925808
	
5.942  			4.200			1.400			106716  		106694  		15052  		60756  		838476  		925684
	
2.942  			4.200			1.400			106716  		106694  		15052  		60796  		838436  		925644
	
4.971  			4.200			1.400			106716  		106694  		15052  		60796  		838424  		925644
	
3.971  			4.200			1.400			106716  		106694  		15052  		60936  		838272  		925504
	
4.971  			4.200			1.400			106716  		106694  		15052  		60976  		838228  		925464
	
3.000  			4.200			1.400			106716  		106694  		15052  		60936  		838256  		925504
	
1.971  			4.300			1.400			106716  		106694  		15052  		60964  		838220  		925476
	
4.961  			4.200			1.400			106716  		106694  		15052  		60984  		838192  		925456
	
3.942  			4.200			1.400			106716  		106694  		15052  		61096  		838068  		925344
	
4.000  			4.200			1.400			106716  		106694  		15052  		61112  		838040  		925328
	
2.971  			4.200			1.400			106716  		106694  		15052  		61296  		837848  		925144
	
2.971  			4.200			1.400			106716  		106694  		15052  		61300  		837844  		925140
	
4.913  			4.200			1.400			106716  		106694  		15052  		61288  		837844  		925152
	
3.941  			4.200			1.400			106716  		106694  		15052  		61088  		838036  		925352
	
5.941  			4.200			1.400			106716  		106694  		15052  		61052  		838060  		925388
	
3.000  			4.200			1.400			106716  		106694  		15052  		61288  		837824  		925152
	
5.913  			4.200			1.400			106716  		106694  		15052  		61436  		837676  		925004
	
5.942  			4.200			1.400			106716  		106694  		15052  		61580  		837520  		924860
	
3.971  			4.200			1.400			106848  		106826  		15052  		61436  		837660  		925004
	
5.942  			4.200			1.400			106848  		106826  		15052  		61596  		837492  		924844
	
4.942  			4.200			1.400			106976  		106954  		15180  		61684  		837404  		924756
	
2.971  			4.200			1.400			106976  		106954  		15180  		61760  		837328  		924680
	
4.942  			4.200			1.400			106976  		106954  		15180  		61912  		837156  		924528
	
4.000  			4.200			1.400			106976  		106954  		15180  		61812  		837248  		924628
	
3.961  			4.200			1.400			106976  		106954  		15180  		61880  		837176  		924560
	
4.961  			4.200			1.400			106976  		106954  		15180  		61936  		837108  		924504
	
6.883  			4.200			1.400			106976  		106954  		15180  		62040  		836988  		924400
	
4.942  			4.200			1.400			106976  		106954  		15180  		61860  		837168  		924580
	
2.980  			4.200			1.400			106976  		106954  		15180  		61876  		837152  		924564
	
3.961  			4.200			1.400			106976  		106954  		15180  		61920  		837092  		924520
	
2.000  			4.200			1.400			106976  		106954  		15180  		62280  		836724  		924160
	
3.961  			4.200			1.400			106976  		106954  		15180  		62316  		836672  		924124
	
4.942  			4.200			1.400			106976  		106954  		15180  		62360  		836628  		924080
	
2.971  			4.200			1.400			106976  		106954  		15180  		62328  		836660  		924112
	
5.961  			4.200			1.400			106976  		106954  		15180  		62392  		836580  		924048
	
4.980  			4.200			1.400			106976  		106954  		15180  		62472  		836492  		923968
	
3.000  			4.200			1.400			106976  		106954  		15180  		62520  		836432  		923920
	
3.980  			4.200			1.400			106976  		106954  		15180  		62480  		836472  		923960
	
