CPUProc			CPU  			MEM  			VSZ  		DRS  		RSS  		USED  		FREE  		AVAILABLE	
0.000  			0.000			1.200			31068  		31046  		13252  		56916  		842988  		929524
	
8.922  			2.000			1.200			31068  		31046  		13252  		57160  		842744  		929280
	
1.942  			3.100			1.200			104916  		104894  		14068  		57328  		842576  		929112
	
2.000  			2.900			1.200			104916  		104894  		14268  		56920  		842984  		929520
	
2.961  			2.800			1.200			104916  		104894  		14268  		56984  		842920  		929456
	
0.971  			2.300			1.200			104916  		104894  		14268  		56976  		842928  		929464
	
1.000  			2.300			1.200			104916  		104894  		14268  		56928  		842976  		929512
	
2.971  			2.100			1.200			104916  		104894  		14268  		57032  		842872  		929408
	
1.980  			2.000			1.200			104916  		104894  		14268  		56912  		842992  		929528
	
1.000  			2.000			1.200			104916  		104894  		14268  		56860  		843044  		929580
	
0.980  			2.000			1.200			104916  		104894  		14268  		56756  		843148  		929684
	
2.971  			2.000			1.200			104916  		104894  		14268  		56956  		842948  		929484
	
1.980  			1.900			1.200			104916  		104894  		14268  		56724  		843180  		929716
	
2.942  			1.900			1.200			104916  		104894  		14268  		56812  		843092  		929628
	
2.000  			1.800			1.200			104916  		104894  		14268  		57112  		842792  		929328
	
1.000  			2.000			1.200			104916  		104894  		14268  		57044  		842860  		929396
	
1.971  			1.800			1.200			104916  		104894  		14268  		56932  		842972  		929508
	
0.000  			1.800			1.200			104916  		104894  		14268  		56640  		843264  		929800
	
0.971  			1.700			1.200			104916  		104894  		14268  		57092  		842812  		929348
	
2.980  			1.700			1.200			104916  		104894  		14268  		56948  		842956  		929492
	
0.980  			1.700			1.200			104916  		104894  		14268  		56812  		843092  		929628
	
2.000  			1.700			1.200			104916  		104894  		14268  		56872  		843032  		929568
	
1.000  			1.700			1.200			104916  		104894  		14268  		56884  		843020  		929556
	
1.971  			1.700			1.200			104916  		104894  		14268  		57112  		842792  		929328
	
1.971  			1.700			1.200			104916  		104894  		14268  		56920  		842984  		929520
	
2.000  			1.700			1.200			105940  		105918  		14280  		57112  		842792  		929328
	
2.000  			1.700			1.200			105940  		105918  		14284  		57068  		842836  		929372
	
0.000  			1.700			1.200			105940  		105918  		14284  		57072  		842832  		929368
	
2.000  			1.600			1.200			105940  		105918  		14284  		57080  		842824  		929360
	
0.000  			1.700			1.200			105940  		105918  		14284  		57172  		842732  		929268
	
2.971  			1.600			1.200			105940  		105918  		14284  		57112  		842792  		929328
	
1.000  			1.700			1.200			105940  		105918  		14284  		57152  		842752  		929288
	
1.000  			1.700			1.200			105940  		105918  		14284  		57012  		842892  		929428
	
0.000  			1.600			1.200			105940  		105918  		14284  		56908  		842996  		929532
	
1.000  			1.600			1.200			105940  		105918  		14284  		57068  		842836  		929372
	
0.980  			1.600			1.200			105940  		105918  		14284  		57060  		842844  		929380
	
2.000  			1.600			1.200			105940  		105918  		14284  		57120  		842784  		929320
	
1.942  			1.600			1.200			105940  		105918  		14284  		57140  		842764  		929300
	
2.942  			1.700			1.200			105940  		105918  		14284  		56952  		842952  		929488
	
2.980  			1.600			1.200			105940  		105918  		14284  		56984  		842920  		929456
	
2.000  			1.600			1.200			105940  		105918  		14284  		57144  		842760  		929296
	
1.000  			1.600			1.200			105940  		105918  		14284  		56956  		842948  		929484
	
0.971  			1.600			1.200			105940  		105918  		14284  		57080  		842824  		929360
	
0.971  			1.600			1.200			105940  		105918  		14284  		57252  		842652  		929188
	
2.971  			1.600			1.200			105940  		105918  		14284  		57184  		842720  		929256
	
2.961  			1.600			1.200			105940  		105918  		14284  		57196  		842708  		929244
	
1.000  			1.600			1.200			105940  		105918  		14284  		57108  		842780  		929332
	
1.000  			1.600			1.200			105940  		105918  		14284  		57152  		842736  		929288
	
1.961  			1.600			1.200			105940  		105918  		14284  		57244  		842644  		929196
	
2.000  			1.600			1.200			105940  		105918  		14284  		57160  		842724  		929280
	
0.971  			1.600			1.200			105940  		105918  		14284  		57256  		842628  		929184
	
1.000  			1.600			1.200			105940  		105918  		14284  		57200  		842676  		929240
	
2.971  			1.500			1.200			105940  		105918  		14284  		57232  		842644  		929208
	
1.000  			1.600			1.200			105940  		105918  		14284  		57428  		842448  		929012
	
1.000  			1.600			1.200			105940  		105918  		14284  		57388  		842480  		929052
	
1.971  			1.500			1.200			105940  		105918  		14284  		57176  		842692  		929264
	
2.000  			1.600			1.200			105940  		105918  		14284  		57408  		842460  		929032
	
1.971  			1.500			1.200			105940  		105918  		14284  		57384  		842484  		929056
	
2.971  			1.600			1.200			105940  		105918  		14284  		57380  		842480  		929060
	
1.980  			1.600			1.200			105940  		105918  		14284  		57468  		842392  		928972
	
1.000  			1.600			1.200			105940  		105918  		14284  		57464  		842396  		928976
	
1.942  			1.600			1.200			105940  		105918  		14284  		57468  		842392  		928972
	
2.000  			1.600			1.200			105940  		105918  		14284  		57456  		842404  		928984
	
2.000  			1.600			1.200			105940  		105918  		14284  		57556  		842296  		928884
	
2.980  			1.600			1.200			105940  		105918  		14284  		57588  		842264  		928852
	
2.000  			1.600			1.300			106200  		106178  		14440  		57504  		842348  		928936
	
1.000  			1.600			1.300			106200  		106178  		14440  		57476  		842368  		928964
	
1.000  			1.600			1.300			106200  		106178  		14440  		57508  		842336  		928932
	
1.000  			1.600			1.300			106200  		106178  		14440  		57520  		842324  		928920
	
1.971  			1.500			1.300			106200  		106178  		14440  		57628  		842208  		928812
	
0.000  			1.600			1.300			106200  		106178  		14440  		57620  		842216  		928820
	
1.000  			1.600			1.300			106200  		106178  		14440  		57432  		842404  		929008
	
1.980  			1.500			1.300			106200  		106178  		14440  		57556  		842280  		928884
	
1.942  			1.600			1.300			106200  		106178  		14440  		57792  		842036  		928648
	
1.000  			1.600			1.300			106200  		106178  		14440  		57760  		842068  		928680
	
1.971  			1.500			1.300			106200  		106178  		14440  		57768  		842060  		928672
	
2.000  			1.600			1.300			106200  		106178  		14440  		57752  		842068  		928688
	
2.971  			1.600			1.300			106200  		106178  		14440  		57780  		842032  		928660
	
1.000  			1.500			1.300			106200  		106178  		14440  		57756  		842056  		928684
	
0.980  			1.600			1.300			106200  		106178  		14440  		57640  		842172  		928800
	
2.971  			1.500			1.300			106200  		106178  		14440  		57940  		841864  		928500
	
1.971  			1.500			1.300			106200  		106178  		14440  		57736  		842068  		928704
	
1.980  			1.500			1.300			106200  		106178  		14440  		57968  		841836  		928472
	
2.000  			1.600			1.300			106200  		106178  		14440  		57988  		841808  		928452
	
1.000  			1.500			1.300			106200  		106178  		14440  		57828  		841968  		928612
	
0.000  			1.500			1.300			106200  		106178  		14440  		57852  		841948  		928588
	
1.980  			1.500			1.300			106200  		106178  		14440  		57912  		841880  		928528
	
1.971  			1.500			1.300			106200  		106178  		14440  		57988  		841804  		928452
	
2.000  			1.500			1.300			106200  		106178  		14440  		58036  		841756  		928404
	
1.000  			1.500			1.300			106200  		106178  		14440  		57920  		841872  		928520
	
2.971  			1.500			1.300			106200  		106178  		14440  		58048  		841736  		928392
	
1.000  			1.500			1.300			106200  		106178  		14464  		58012  		841772  		928428
	
1.980  			1.500			1.300			106200  		106178  		14464  		58064  		841720  		928376
	
2.961  			1.500			1.300			106200  		106178  		14464  		57904  		841880  		928536
	
3.000  			1.500			1.300			106200  		106178  		14464  		57908  		841876  		928532
	
0.971  			1.500			1.300			106200  		106178  		14464  		57976  		841808  		928464
	
1.000  			1.500			1.300			106200  		106178  		14464  		58020  		841756  		928420
	
1.971  			1.500			1.300			106200  		106178  		14464  		58104  		841672  		928336
	
1.980  			1.600			1.300			106200  		106178  		14464  		58212  		841564  		928228
	
0.971  			1.500			1.300			106200  		106178  		14464  		58124  		841640  		928316
	
1.971  			1.500			1.300			106200  		106178  		14472  		58204  		841560  		928236
	
0.971  			1.600			1.300			106200  		106178  		14472  		58164  		841600  		928276
	
2.961  			1.500			1.300			106200  		106178  		14472  		58096  		841668  		928344
	
1.971  			1.500			1.300			106200  		106178  		14472  		58176  		841580  		928264
	
2.000  			1.500			1.300			106200  		106178  		14472  		58356  		841400  		928084
	
0.000  			1.500			1.300			106200  		106178  		14472  		58260  		841496  		928180
	
1.000  			1.500			1.300			106200  		106178  		14472  		58024  		841724  		928416
	
1.971  			1.500			1.300			106200  		106178  		14472  		58140  		841608  		928300
	
1.000  			1.500			1.400			106200  		106178  		14700  		58328  		841420  		928112
	
0.980  			1.500			1.400			106200  		106178  		14700  		58400  		841348  		928040
	
2.000  			1.500			1.400			106200  		106178  		14700  		58280  		841468  		928160
	
1.000  			1.500			1.400			106200  		106178  		14700  		58384  		841356  		928056
	
1.000  			1.500			1.400			106200  		106178  		14700  		58272  		841460  		928168
	
1.000  			1.500			1.400			106200  		106178  		14700  		58320  		841412  		928120
	
1.000  			1.500			1.400			106200  		106178  		14700  		58400  		841332  		928040
	
0.971  			1.500			1.400			106200  		106178  		14700  		58312  		841420  		928128
	
2.000  			1.500			1.400			106200  		106178  		14700  		58520  		841204  		927920
	
2.000  			1.500			1.400			106200  		106178  		14700  		58260  		841464  		928180
	
1.971  			1.500			1.400			106200  		106178  		14700  		58208  		841516  		928232
	
2.971  			1.500			1.400			106200  		106178  		14700  		58216  		841508  		928224
	
