CPUProc			CPU  			MEM  			VSZ  		DRS  		RSS  		USED  		FREE  		AVAILABLE	
0.000  			2.200			1.200			31068  		31046  		13484  		56764  		843144  		929676
	
4.913  			1.100			1.200			31068  		31046  		13484  		56816  		843092  		929624
	
1.942  			2.400			1.200			105940  		105918  		14324  		57292  		842616  		929148
	
0.000  			2.300			1.200			105940  		105918  		14324  		56868  		843040  		929572
	
1.000  			1.800			1.200			105940  		105918  		14340  		56848  		843060  		929592
	
0.000  			1.700			1.200			105940  		105918  		14340  		56892  		843016  		929548
	
1.000  			1.400			1.200			105940  		105918  		14340  		57088  		842820  		929352
	
0.000  			1.500			1.200			105940  		105918  		14340  		56920  		842988  		929520
	
1.000  			1.300			1.200			105940  		105918  		14340  		57000  		842908  		929440
	
1.000  			1.200			1.200			105940  		105918  		14340  		57272  		842636  		929168
	
1.000  			1.200			1.200			105940  		105918  		14340  		57308  		842600  		929132
	
0.971  			1.200			1.200			105940  		105918  		14340  		57276  		842632  		929164
	
1.971  			1.000			1.200			105940  		105918  		14340  		57112  		842796  		929328
	
0.000  			1.100			1.200			105940  		105918  		14340  		56996  		842912  		929444
	
0.971  			1.000			1.200			105940  		105918  		14340  		57044  		842864  		929396
	
1.000  			1.000			1.200			105940  		105918  		14340  		57180  		842728  		929260
	
1.971  			1.000			1.200			105940  		105918  		14340  		57124  		842784  		929316
	
0.000  			1.100			1.200			105940  		105918  		14340  		57152  		842756  		929288
	
0.000  			1.100			1.200			105940  		105918  		14340  		57164  		842744  		929276
	
0.000  			1.000			1.200			105940  		105918  		14340  		57080  		842828  		929360
	
1.000  			1.000			1.200			105940  		105918  		14340  		57128  		842780  		929312
	
0.000  			1.000			1.200			105940  		105918  		14340  		57112  		842796  		929328
	
1.000  			1.000			1.200			105940  		105918  		14340  		57044  		842864  		929396
	
0.000  			1.000			1.200			105940  		105918  		14340  		57048  		842860  		929392
	
0.971  			1.000			1.200			105940  		105918  		14340  		57060  		842848  		929380
	
1.000  			1.000			1.200			105940  		105918  		14340  		57076  		842832  		929364
	
1.000  			1.000			1.200			105940  		105918  		14340  		57100  		842808  		929340
	
1.000  			0.900			1.200			105940  		105918  		14340  		57144  		842764  		929296
	
1.971  			0.800			1.200			105940  		105918  		14340  		57288  		842620  		929152
	
0.971  			0.900			1.200			105940  		105918  		14340  		57080  		842828  		929360
	
1.942  			0.900			1.200			105940  		105918  		14340  		57196  		842712  		929244
	
0.000  			1.000			1.200			105940  		105918  		14340  		57164  		842744  		929276
	
1.000  			0.900			1.200			105940  		105918  		14344  		57176  		842732  		929264
	
1.000  			0.900			1.200			105940  		105918  		14344  		57104  		842804  		929336
	
1.000  			0.900			1.200			105940  		105918  		14344  		57200  		842708  		929240
	
1.000  			1.000			1.200			105940  		105918  		14344  		57196  		842712  		929244
	
1.971  			0.900			1.200			105940  		105918  		14344  		57056  		842852  		929384
	
0.000  			1.000			1.200			105940  		105918  		14344  		57052  		842856  		929388
	
1.980  			0.900			1.200			105940  		105918  		14344  		57300  		842608  		929140
	
0.980  			1.000			1.200			105940  		105918  		14344  		57104  		842804  		929336
	
1.000  			1.000			1.200			105940  		105918  		14344  		57060  		842848  		929380
	
0.971  			1.000			1.200			105940  		105918  		14344  		57156  		842752  		929284
	
0.000  			0.800			1.200			105940  		105918  		14344  		57120  		842788  		929320
	
1.971  			0.800			1.200			105940  		105918  		14344  		57100  		842808  		929340
	
0.000  			0.800			1.200			105940  		105918  		14344  		57236  		842672  		929204
	
1.000  			0.800			1.200			105940  		105918  		14344  		57248  		842660  		929192
	
0.971  			0.800			1.200			105940  		105918  		14344  		57044  		842864  		929396
	
1.980  			0.800			1.200			105940  		105918  		14344  		57116  		842792  		929324
	
0.000  			0.900			1.200			105940  		105918  		14348  		57284  		842624  		929156
	
0.980  			0.800			1.200			105940  		105918  		14348  		57140  		842764  		929300
	
1.942  			0.800			1.200			105940  		105918  		14348  		56944  		842960  		929496
	
1.000  			0.900			1.200			105940  		105918  		14348  		57108  		842796  		929332
	
1.000  			0.900			1.200			105940  		105918  		14348  		57136  		842768  		929304
	
1.000  			0.900			1.200			105940  		105918  		14348  		57200  		842704  		929240
	
1.000  			0.900			1.200			105940  		105918  		14348  		57248  		842656  		929192
	
1.000  			0.900			1.200			105940  		105918  		14348  		57116  		842788  		929324
	
1.980  			0.900			1.200			105940  		105918  		14348  		57228  		842676  		929212
	
0.000  			0.800			1.200			105940  		105918  		14348  		57304  		842600  		929136
	
1.971  			0.800			1.200			105940  		105918  		14348  		57180  		842724  		929260
	
0.000  			0.800			1.200			105940  		105918  		14348  		57256  		842648  		929184
	
0.971  			0.800			1.200			105940  		105918  		14348  		57208  		842696  		929232
	
1.000  			0.800			1.200			105940  		105918  		14348  		57228  		842676  		929212
	
1.980  			0.800			1.200			105940  		105918  		14348  		57304  		842600  		929136
	
0.000  			0.800			1.200			105940  		105918  		14348  		57320  		842584  		929120
	
2.942  			0.800			1.200			105940  		105918  		14348  		57160  		842744  		929280
	
0.000  			0.800			1.200			105940  		105918  		14348  		57280  		842624  		929160
	
0.980  			0.800			1.200			105940  		105918  		14348  		57356  		842540  		929084
	
0.971  			0.800			1.200			105940  		105918  		14348  		57296  		842600  		929144
	
0.000  			0.800			1.200			105940  		105918  		14348  		57236  		842660  		929204
	
1.000  			0.800			1.200			105940  		105918  		14348  		57260  		842636  		929180
	
0.971  			0.800			1.200			105940  		105918  		14348  		57160  		842736  		929280
	
3.000  			0.800			1.200			105940  		105918  		14348  		57140  		842756  		929300
	
0.000  			0.800			1.200			105940  		105918  		14348  		57280  		842616  		929160
	
0.000  			0.800			1.200			105940  		105918  		14348  		57220  		842676  		929220
	
0.971  			0.800			1.200			105940  		105918  		14348  		57356  		842540  		929084
	
0.000  			0.800			1.200			105940  		105918  		14348  		57244  		842652  		929196
	
1.000  			0.800			1.200			105940  		105918  		14348  		57176  		842720  		929264
	
0.971  			0.800			1.200			105940  		105918  		14348  		57232  		842664  		929208
	
0.000  			0.900			1.200			105940  		105918  		14348  		57388  		842508  		929052
	
1.971  			0.900			1.200			105940  		105918  		14348  		57236  		842660  		929204
	
0.971  			0.800			1.200			105940  		105918  		14348  		57344  		842552  		929096
	
2.000  			0.800			1.200			105940  		105918  		14348  		57256  		842640  		929184
	
1.000  			0.800			1.200			105940  		105918  		14348  		57168  		842720  		929272
	
1.000  			0.900			1.200			105940  		105918  		14348  		57184  		842696  		929256
	
0.000  			0.900			1.200			105940  		105918  		14348  		57428  		842452  		929012
	
1.971  			0.900			1.200			105940  		105918  		14348  		57320  		842560  		929120
	
0.971  			0.900			1.200			105940  		105918  		14348  		57380  		842500  		929060
	
0.000  			0.800			1.200			105940  		105918  		14348  		57300  		842580  		929140
	
1.971  			0.800			1.200			105940  		105918  		14348  		57256  		842624  		929184
	
0.000  			0.800			1.200			105940  		105918  		14348  		57212  		842668  		929228
	
1.000  			0.800			1.200			105940  		105918  		14348  		57216  		842664  		929224
	
1.971  			0.800			1.200			105940  		105918  		14348  		57388  		842484  		929052
	
1.000  			0.900			1.200			105940  		105918  		14348  		57260  		842612  		929180
	
1.000  			0.900			1.200			105940  		105918  		14348  		57340  		842532  		929100
	
1.000  			0.900			1.200			105940  		105918  		14348  		57152  		842720  		929288
	
0.000  			0.800			1.200			105940  		105918  		14348  		57392  		842480  		929048
	
0.000  			0.800			1.200			105940  		105918  		14348  		57440  		842432  		929000
	
0.000  			0.800			1.200			105940  		105918  		14348  		57300  		842572  		929140
	
0.980  			0.800			1.200			105940  		105918  		14348  		57384  		842484  		929056
	
1.000  			0.800			1.200			105940  		105918  		14348  		57168  		842700  		929272
	
1.000  			0.800			1.200			105940  		105918  		14348  		57052  		842816  		929388
	
0.971  			0.800			1.200			105940  		105918  		14348  		57368  		842500  		929072
	
0.971  			0.800			1.200			105940  		105918  		14348  		57180  		842688  		929260
	
0.000  			0.800			1.200			105940  		105918  		14348  		57248  		842604  		929192
	
1.971  			0.800			1.200			105940  		105918  		14348  		57392  		842460  		929048
	
0.000  			0.800			1.200			105940  		105918  		14348  		57528  		842324  		928912
	
1.000  			0.800			1.200			105940  		105918  		14348  		57228  		842624  		929212
	
2.000  			0.800			1.200			105940  		105918  		14348  		57256  		842596  		929184
	
0.000  			0.900			1.200			105940  		105918  		14348  		57476  		842376  		928964
	
0.000  			0.900			1.200			105940  		105918  		14348  		57248  		842604  		929192
	
2.000  			0.800			1.200			105940  		105918  		14348  		57340  		842512  		929100
	
0.000  			0.800			1.200			105940  		105918  		14348  		57168  		842684  		929272
	
1.000  			0.800			1.200			105940  		105918  		14348  		57400  		842452  		929040
	
0.971  			0.700			1.200			105940  		105918  		14348  		57416  		842436  		929024
	
0.980  			0.800			1.200			105940  		105918  		14348  		57432  		842412  		929008
	
0.000  			0.800			1.200			105940  		105918  		14348  		57216  		842628  		929224
	
1.000  			0.700			1.200			105940  		105918  		14348  		57216  		842628  		929224
	
0.000  			0.800			1.200			105940  		105918  		14348  		57556  		842288  		928884
	
1.971  			0.800			1.200			105940  		105918  		14348  		57440  		842404  		929000
	
0.980  			0.800			1.200			105940  		105918  		14348  		57464  		842380  		928976
	
