CPUProc			CPU  			MEM  			VSZ  		DRS  		RSS  		USED  		FREE  		AVAILABLE	
0.000  			0.200			0.900			31068  		31046  		11128  		56792  		842800  		929648
	
12.883  			3.100			0.900			31068  		31046  		11128  		57116  		842476  		929324
	
5.942  			5.500			1.200			105940  		105918  		14104  		57240  		842360  		929200
	
6.000  			6.300			1.200			105940  		105918  		14104  		56756  		842844  		929684
	
5.961  			6.600			1.200			105940  		105918  		14104  		56936  		842664  		929504
	
5.000  			5.700			1.200			105940  		105918  		14104  		57004  		842596  		929436
	
5.980  			6.100			1.200			105940  		105918  		14104  		57052  		842548  		929388
	
5.000  			6.200			1.200			105940  		105918  		14104  		57052  		842548  		929388
	
5.000  			5.800			1.200			105940  		105918  		14104  		56960  		842640  		929480
	
4.971  			5.900			1.200			105940  		105918  		14104  		57136  		842464  		929304
	
4.971  			6.100			1.200			105940  		105918  		14104  		57140  		842460  		929300
	
6.913  			5.800			1.200			105940  		105918  		14104  		57188  		842412  		929252
	
6.942  			6.000			1.200			105940  		105918  		14104  		57388  		842212  		929052
	
4.942  			6.000			1.200			105940  		105918  		14104  		57388  		842212  		929052
	
5.971  			5.700			1.200			105940  		105918  		14104  		57360  		842240  		929080
	
6.942  			5.900			1.200			105940  		105918  		14104  		57340  		842260  		929100
	
4.971  			5.900			1.300			106068  		106046  		14260  		57360  		842240  		929080
	
5.913  			5.800			1.300			106068  		106046  		14260  		57460  		842140  		928980
	
5.961  			5.900			1.300			106200  		106178  		14260  		57476  		842124  		928964
	
4.000  			6.100			1.300			106200  		106178  		14260  		57720  		841880  		928720
	
7.941  			5.800			1.300			106200  		106178  		14260  		57708  		841892  		928732
	
5.000  			6.000			1.300			106200  		106178  		14260  		57784  		841808  		928656
	
5.971  			5.900			1.300			106200  		106178  		14260  		57988  		841604  		928452
	
7.942  			5.800			1.300			106200  		106178  		14260  		57668  		841908  		928772
	
6.000  			5.900			1.300			106200  		106178  		14260  		57856  		841712  		928584
	
4.942  			6.000			1.300			106200  		106178  		14260  		57856  		841704  		928584
	
5.971  			5.900			1.300			106200  		106178  		14260  		58008  		841544  		928432
	
8.942  			5.800			1.300			106200  		106178  		14260  		57820  		841716  		928620
	
5.913  			6.000			1.400			106200  		106178  		14488  		58308  		841220  		928132
	
5.942  			5.900			1.400			106200  		106178  		14488  		58416  		841104  		928024
	
5.913  			5.900			1.400			106200  		106178  		14488  		58384  		841120  		928056
	
4.971  			6.000			1.400			106200  		106178  		14488  		58596  		840908  		927844
	
6.941  			5.900			1.400			106200  		106178  		14488  		58492  		840996  		927948
	
4.961  			5.900			1.400			106200  		106178  		14488  		58612  		840868  		927828
	
6.913  			5.900			1.400			106200  		106178  		14488  		58732  		840748  		927708
	
6.971  			5.900			1.400			106332  		106310  		14488  		58856  		840616  		927584
	
6.913  			5.900			1.400			106332  		106310  		14488  		58668  		840796  		927772
	
6.913  			5.900			1.400			106464  		106442  		14488  		58968  		840480  		927472
	
7.941  			5.900			1.400			106464  		106442  		14488  		58988  		840452  		927452
	
6.913  			5.900			1.400			106464  		106442  		14488  		59084  		840348  		927356
	
4.000  			5.900			1.400			106464  		106442  		14488  		59192  		840240  		927248
	
6.971  			5.900			1.400			106464  		106442  		14488  		59188  		840228  		927252
	
6.971  			5.900			1.400			106464  		106442  		14488  		59412  		839996  		927028
	
5.942  			5.900			1.400			106464  		106442  		14488  		59256  		840144  		927184
	
5.971  			5.900			1.400			106464  		106442  		14488  		59380  		840012  		927060
	
6.980  			5.900			1.400			106464  		106442  		14488  		59628  		839756  		926812
	
4.971  			5.900			1.400			106464  		106442  		14488  		59620  		839756  		926820
	
6.971  			5.900			1.400			106464  		106442  		14488  		59508  		839852  		926932
	
6.883  			5.900			1.400			106464  		106442  		14488  		59804  		839548  		926636
	
6.913  			5.900			1.400			106464  		106442  		14488  		59612  		839732  		926828
	
5.942  			5.900			1.400			106464  		106442  		14488  		59796  		839536  		926644
	
5.942  			5.900			1.400			106464  		106442  		14488  		59880  		839436  		926560
	
5.883  			5.900			1.400			106464  		106442  		14488  		59864  		839452  		926576
	
5.825  			5.900			1.400			106592  		106570  		14748  		59788  		839512  		926652
	
5.961  			5.900			1.400			106592  		106570  		14748  		59988  		839304  		926452
	
6.942  			5.900			1.400			106592  		106570  		14748  		60140  		839144  		926300
	
5.980  			5.900			1.400			106724  		106702  		14748  		60328  		838940  		926112
	
5.942  			5.900			1.400			106724  		106702  		14748  		60308  		838952  		926132
	
5.942  			5.900			1.400			106724  		106702  		14748  		60488  		838764  		925952
	
4.980  			5.900			1.400			106724  		106702  		14748  		60380  		838856  		926060
	
5.971  			5.900			1.400			106724  		106702  		14748  		60584  		838644  		925856
	
4.000  			5.900			1.400			106724  		106702  		14748  		60560  		838660  		925880
	
6.942  			5.900			1.400			106724  		106702  		14748  		60868  		838336  		925572
	
7.000  			5.900			1.400			106724  		106702  		14748  		60592  		838612  		925848
	
3.971  			5.900			1.400			106724  		106702  		14748  		60836  		838360  		925604
	
5.883  			5.900			1.400			106724  		106702  		14748  		61020  		838156  		925420
	
4.971  			5.900			1.400			106724  		106702  		14748  		61056  		838120  		925384
	
4.971  			5.900			1.400			106724  		106702  		15012  		60876  		838280  		925564
	
5.980  			5.900			1.400			106724  		106702  		15012  		61016  		838132  		925424
	
6.883  			5.900			1.400			106724  		106702  		15012  		61148  		837988  		925292
	
5.942  			5.900			1.400			106724  		106702  		15012  		61180  		837944  		925260
	
5.971  			5.900			1.400			106724  		106702  		15012  		61576  		837540  		924864
	
5.913  			5.900			1.400			106856  		106834  		15012  		61328  		837764  		925112
	
5.942  			5.900			1.400			106856  		106834  		15012  		61408  		837676  		925032
	
6.942  			5.900			1.400			106856  		106834  		15012  		61660  		837416  		924780
	
4.942  			5.900			1.400			106856  		106834  		15012  		61516  		837544  		924924
	
5.913  			5.900			1.400			106988  		106966  		15012  		61712  		837340  		924728
	
5.971  			5.900			1.400			106988  		106966  		15012  		61756  		837288  		924684
	
5.942  			5.900			1.400			106988  		106966  		15012  		61924  		837108  		924516
	
5.980  			5.900			1.400			106988  		106966  		15012  		61952  		837060  		924488
	
4.971  			5.900			1.400			106988  		106966  		15012  		61844  		837156  		924596
	
6.971  			5.900			1.400			106988  		106966  		15012  		62184  		836804  		924256
	
4.980  			5.900			1.400			106988  		106966  		15012  		62084  		836896  		924356
	
5.942  			5.900			1.400			106988  		106966  		15012  		62236  		836728  		924204
	
6.913  			5.900			1.400			106988  		106966  		15012  		62276  		836672  		924164
	
5.942  			5.900			1.400			106988  		106966  		15012  		62340  		836600  		924100
	
4.971  			5.900			1.400			106988  		106966  		15012  		62556  		836368  		923884
	
4.971  			5.900			1.400			106988  		106966  		15012  		62368  		836548  		924072
	
7.913  			5.900			1.400			106988  		106966  		15012  		62500  		836408  		923940
	
5.971  			5.900			1.400			106988  		106966  		15012  		62796  		836100  		923644
	
6.854  			5.900			1.400			107120  		107098  		15012  		62672  		836204  		923768
	
2.942  			5.900			1.400			107120  		107098  		15012  		62856  		836020  		923584
	
3.000  			5.900			1.400			107120  		107098  		15328  		62732  		836124  		923708
	
2.971  			5.800			1.400			107120  		107098  		15328  		62732  		836124  		923708
	
2.971  			5.800			1.400			107120  		107098  		15328  		62896  		835952  		923544
	
4.961  			5.800			1.400			107248  		107226  		15520  		62872  		835976  		923568
	
1.971  			5.800			1.400			107248  		107226  		15520  		62904  		835936  		923536
	
2.971  			5.700			1.400			107248  		107226  		15520  		62900  		835932  		923540
	
3.971  			5.700			1.400			107248  		107226  		15520  		63052  		835780  		923388
	
5.243  			5.700			1.400			107248  		107226  		15520  		62808  		836012  		923632
	
0.000  			5.800			1.400			107244  		107223  		15568  		60616  		838412  		925824
	
0.000  			5.600			1.400			107244  		107223  		15568  		60536  		838492  		925904
	
0.000  			5.600			1.400			107244  		107223  		15568  		60768  		838260  		925672
	
0.000  			5.600			1.400			107244  		107223  		15808  		60556  		838472  		925884
	
0.000  			5.400			1.400			107244  		107223  		15808  		60692  		838336  		925748
	
0.000  			5.400			1.400			107244  		107223  		15808  		60692  		838336  		925748
	
0.000  			5.400			1.400			107244  		107223  		15808  		60724  		838304  		925716
	
0.000  			5.300			1.400			107244  		107223  		15808  		60608  		838420  		925832
	
0.000  			5.300			1.400			107244  		107223  		15808  		60684  		838344  		925756
	
0.000  			5.300			1.400			107244  		107223  		15808  		60436  		838592  		926004
	
0.000  			5.100			1.400			107244  		107223  		15808  		60560  		838468  		925880
	
0.000  			5.100			1.400			107244  		107223  		15808  		60600  		838428  		925840
	
1.942  			5.100			1.400			107244  		107223  		15808  		60420  		838608  		926020
	
0.000  			5.100			1.400			107244  		107223  		15808  		60676  		838352  		925764
	
0.000  			4.900			1.400			107244  		107223  		15808  		60644  		838384  		925796
	
0.000  			4.900			1.400			107244  		107223  		15808  		60636  		838392  		925804
	
0.000  			4.900			1.400			107244  		107223  		15808  		60632  		838396  		925808
	
0.000  			4.900			1.400			107244  		107223  		15808  		60604  		838424  		925836
	
0.000  			4.900			1.400			107244  		107223  		15808  		60600  		838428  		925840
	
0.000  			4.700			1.400			107244  		107223  		15808  		60676  		838352  		925764
	
