CPUProc			CPU  			MEM  			VSZ  		DRS  		RSS  		USED  		FREE  		AVAILABLE	
0.000  			0.200			1.200			31068  		31046  		13452  		57852  		836944  		928588
	
4.942  			1.600			1.200			31068  		31046  		13452  		57904  		836892  		928536
	
1.971  			2.700			1.200			95696  		95674  		14316  		58000  		836796  		928440
	
2.000  			3.000			1.200			95696  		95674  		14316  		57508  		837288  		928932
	
0.000  			2.400			1.200			95696  		95674  		14316  		57632  		837156  		928808
	
3.961  			2.000			1.200			95696  		95674  		14316  		57560  		837220  		928872
	
2.980  			2.200			1.200			95696  		95674  		14316  		57776  		837004  		928664
	
0.971  			2.200			1.200			96720  		96698  		14316  		57720  		837060  		928720
	
0.980  			2.000			1.200			96720  		96698  		14328  		57600  		837180  		928840
	
1.000  			2.000			1.200			96720  		96698  		14328  		57768  		837012  		928672
	
1.971  			1.800			1.200			96720  		96698  		14332  		57564  		837208  		928876
	
1.000  			1.900			1.200			96720  		96698  		14332  		57628  		837144  		928812
	
1.980  			1.900			1.200			96720  		96698  		14332  		57744  		837028  		928696
	
2.961  			1.800			1.200			96720  		96698  		14332  		57812  		836960  		928628
	
2.971  			1.700			1.200			96720  		96698  		14332  		57964  		836808  		928476
	
2.000  			2.000			1.200			96720  		96698  		14332  		57752  		837012  		928688
	
0.000  			1.800			1.200			96720  		96698  		14332  		57744  		837020  		928696
	
2.971  			1.700			1.200			96720  		96698  		14332  		57832  		836932  		928608
	
2.971  			1.700			1.200			96720  		96698  		14332  		57600  		837156  		928840
	
0.000  			1.700			1.200			96720  		96698  		14332  		57556  		837192  		928876
	
2.000  			1.700			1.200			96720  		96698  		14336  		57708  		837040  		928732
	
1.971  			1.700			1.200			96720  		96698  		14336  		57880  		836868  		928560
	
0.000  			1.700			1.200			96720  		96698  		14336  		57768  		836980  		928672
	
1.000  			1.700			1.200			96720  		96698  		14336  		57860  		836880  		928580
	
3.971  			1.700			1.200			96720  		96698  		14336  		57844  		836896  		928596
	
1.000  			1.700			1.200			96720  		96698  		14352  		57868  		836864  		928572
	
1.000  			1.700			1.200			96720  		96698  		14352  		57760  		836964  		928680
	
1.971  			1.700			1.200			96720  		96698  		14352  		57828  		836896  		928612
	
1.000  			1.700			1.200			96720  		96698  		14352  		57776  		836948  		928664
	
2.980  			1.600			1.200			96720  		96698  		14352  		57888  		836820  		928544
	
1.000  			1.700			1.200			96720  		96698  		14352  		57932  		836776  		928508
	
2.000  			1.700			1.200			96720  		96698  		14352  		57916  		836792  		928524
	
2.980  			1.600			1.200			96720  		96698  		14352  		57924  		836784  		928516
	
1.000  			1.700			1.200			96720  		96698  		14352  		57776  		836924  		928664
	
2.000  			1.700			1.200			96720  		96698  		14352  		58012  		836680  		928420
	
2.961  			1.600			1.200			96720  		96698  		14352  		58048  		836644  		928392
	
1.000  			1.600			1.200			96720  		96698  		14352  		57900  		836792  		928540
	
1.000  			1.600			1.200			96720  		96698  		14352  		58016  		836676  		928424
	
2.961  			1.600			1.200			96720  		96698  		14352  		57888  		836796  		928552
	
2.000  			1.600			1.200			96720  		96698  		14352  		57928  		836756  		928512
	
1.971  			1.600			1.200			96720  		96698  		14352  		58064  		836612  		928376
	
1.971  			1.600			1.200			96720  		96698  		14352  		57956  		836712  		928484
	
2.000  			1.600			1.200			96720  		96698  		14352  		57900  		836768  		928540
	
1.000  			1.600			1.200			96720  		96698  		14352  		57740  		836928  		928700
	
1.971  			1.500			1.200			96720  		96698  		14352  		57948  		836712  		928492
	
1.971  			1.600			1.200			96720  		96698  		14352  		58036  		836616  		928404
	
3.942  			1.600			1.200			96720  		96698  		14352  		57988  		836664  		928452
	
1.971  			1.500			1.200			96720  		96698  		14352  		58124  		836528  		928316
	
0.980  			1.600			1.200			96720  		96698  		14352  		58240  		836412  		928200
	
0.000  			1.600			1.200			96720  		96698  		14352  		58124  		836520  		928316
	
1.971  			1.600			1.200			96720  		96698  		14352  		58176  		836464  		928264
	
1.971  			1.600			1.200			96720  		96698  		14352  		58064  		836576  		928376
	
1.000  			1.600			1.200			96720  		96698  		14352  		58164  		836476  		928276
	
0.000  			1.600			1.200			96720  		96698  		14352  		58084  		836548  		928352
	
0.971  			1.600			1.200			96720  		96698  		14352  		58312  		836320  		928124
	
2.000  			1.500			1.200			96720  		96698  		14352  		58024  		836600  		928416
	
1.971  			1.500			1.200			96720  		96698  		14352  		57964  		836660  		928476
	
2.961  			1.500			1.200			96720  		96698  		14352  		58232  		836392  		928208
	
1.971  			1.600			1.200			96720  		96698  		14352  		58080  		836544  		928360
	
1.000  			1.500			1.200			96720  		96698  		14352  		58068  		836548  		928372
	
3.000  			1.600			1.200			96720  		96698  		14352  		58064  		836552  		928376
	
0.000  			1.600			1.200			96720  		96698  		14352  		58164  		836444  		928276
	
2.000  			1.500			1.200			96720  		96698  		14352  		58104  		836504  		928336
	
1.971  			1.500			1.200			96720  		96698  		14352  		58124  		836472  		928308
	
2.000  			1.500			1.200			96852  		96830  		14352  		58332  		836264  		928108
	
1.000  			1.500			1.300			96980  		96958  		14568  		58288  		836308  		928152
	
1.980  			1.500			1.300			96980  		96958  		14568  		58244  		836352  		928196
	
0.000  			1.600			1.300			96980  		96958  		14568  		58224  		836364  		928216
	
1.971  			1.500			1.300			96980  		96958  		14568  		58312  		836268  		928128
	
2.980  			1.500			1.300			96980  		96958  		14568  		58356  		836224  		928084
	
2.000  			1.500			1.300			96980  		96958  		14568  		58208  		836372  		928232
	
1.000  			1.500			1.300			96980  		96958  		14568  		58336  		836236  		928096
	
0.971  			1.500			1.300			96980  		96958  		14568  		58348  		836224  		928092
	
2.000  			1.600			1.300			96980  		96958  		14572  		58432  		836140  		928008
	
2.000  			1.500			1.300			96980  		96958  		14572  		58592  		835980  		927848
	
2.000  			1.600			1.300			96980  		96958  		14572  		58652  		835904  		927788
	
1.000  			1.600			1.300			96980  		96958  		14572  		58616  		835940  		927824
	
1.000  			1.500			1.300			96980  		96958  		14572  		58616  		835932  		927824
	
1.971  			1.500			1.300			96980  		96958  		14576  		58740  		835808  		927700
	
1.971  			1.500			1.300			96980  		96958  		14576  		58700  		835848  		927740
	
0.971  			1.500			1.300			96980  		96958  		14576  		58708  		835832  		927732
	
1.980  			1.500			1.300			96980  		96958  		14576  		58600  		835932  		927832
	
1.971  			1.500			1.300			96980  		96958  		14576  		58864  		835668  		927576
	
2.980  			1.500			1.300			96980  		96958  		14576  		58732  		835792  		927708
	
0.980  			1.500			1.300			96980  		96958  		14576  		58780  		835744  		927660
	
3.913  			1.500			1.300			96980  		96958  		14576  		58796  		835728  		927644
	
1.000  			1.500			1.300			96980  		96958  		14576  		58788  		835720  		927652
	
1.000  			1.500			1.300			96980  		96958  		14576  		58804  		835704  		927636
	
0.980  			1.500			1.300			96980  		96958  		14576  		58768  		835740  		927672
	
2.000  			1.500			1.300			96980  		96958  		14576  		58760  		835748  		927680
	
1.971  			1.600			1.300			96980  		96958  		14576  		58724  		835776  		927716
	
1.000  			1.600			1.300			96980  		96958  		14576  		58680  		835812  		927760
	
0.000  			1.500			1.300			96980  		96958  		14576  		58732  		835760  		927708
	
2.000  			1.500			1.300			96980  		96958  		14576  		58772  		835712  		927668
	
2.000  			1.500			1.300			96980  		96958  		14576  		58984  		835500  		927456
	
0.971  			1.500			1.300			96980  		96958  		14576  		59064  		835412  		927376
	
2.971  			1.500			1.300			96980  		96958  		14576  		58956  		835520  		927484
	
0.971  			1.500			1.300			96980  		96958  		14576  		59036  		835432  		927404
	
1.971  			1.500			1.300			96980  		96958  		14576  		58916  		835552  		927524
	
2.000  			1.500			1.300			96980  		96958  		14576  		59012  		835448  		927428
	
1.980  			1.500			1.300			96980  		96958  		14576  		58836  		835624  		927604
	
1.000  			1.600			1.300			96980  		96958  		14576  		58816  		835636  		927624
	
0.000  			1.500			1.300			96980  		96958  		14576  		58908  		835540  		927532
	
1.971  			1.500			1.300			96980  		96958  		14576  		58856  		835592  		927584
	
1.000  			1.500			1.300			106200  		106178  		14576  		59028  		835412  		927412
	
1.000  			1.500			1.300			106200  		106178  		14596  		58996  		835444  		927444
	
1.000  			1.500			1.300			106200  		106178  		14596  		59224  		835216  		927216
	
2.971  			1.500			1.300			106200  		106178  		14596  		59040  		835400  		927400
	
1.961  			1.500			1.400			106200  		106178  		14828  		59092  		835340  		927348
	
2.980  			1.500			1.400			106200  		106178  		14828  		59328  		835096  		927112
	
1.000  			1.500			1.400			106200  		106178  		14828  		59040  		835384  		927400
	
1.000  			1.500			1.400			106200  		106178  		14828  		59120  		835304  		927320
	
0.971  			1.500			1.400			106200  		106178  		14828  		59064  		835360  		927376
	
1.980  			1.500			1.400			106200  		106178  		14828  		59136  		835280  		927296
	
1.980  			1.500			1.400			106200  		106178  		14828  		59192  		835216  		927248
	
1.000  			1.500			1.400			106200  		106178  		14828  		59244  		835164  		927196
	
2.942  			1.500			1.400			106200  		106178  		14828  		59200  		835208  		927240
	
2.000  			1.500			1.400			106200  		106178  		14828  		59172  		835236  		927268
	
2.000  			1.500			1.400			106200  		106178  		14828  		59188  		835220  		927252
	
0.000  			1.500			1.400			106200  		106178  		14828  		59292  		835108  		927148
	
