CPUProc			CPU  			MEM  			VSZ  		DRS  		RSS  		USED  		FREE  		AVAILABLE	
0.971  			15.800			0.700			80016  		78395  		8992  		61484  		831464  		924956
	
0.962  			11.400			0.700			80016  		78395  		8992  		61484  		831464  		924956
	
2.971  			10.200			0.700			80016  		78395  		8992  		61220  		831728  		925220
	
1.000  			8.700			0.700			80016  		78395  		8992  		61444  		831504  		924996
	
1.971  			8.000			0.700			80016  		78395  		8992  		61396  		831552  		925044
	
0.971  			7.300			0.700			80016  		78395  		8992  		61492  		831448  		924940
	
1.000  			6.400			0.700			80016  		78395  		8992  		61488  		831452  		924952
	
1.000  			6.000			0.700			80016  		78395  		8992  		61184  		831756  		925256
	
1.000  			5.400			0.700			80016  		78395  		8992  		61356  		831584  		925084
	
0.962  			5.200			0.700			80016  		78395  		8992  		61540  		831392  		924900
	
1.971  			4.700			0.700			80016  		78395  		8992  		61576  		831356  		924864
	
0.000  			4.600			0.700			80016  		78395  		8992  		61480  		831452  		924960
	
1.942  			4.400			0.700			80016  		78395  		8992  		61492  		831440  		924948
	
0.962  			4.100			0.700			80016  		78395  		8992  		61472  		831452  		924968
	
0.971  			4.000			0.700			80016  		78395  		8992  		61436  		831488  		925004
	
1.971  			3.700			0.700			80016  		78395  		8992  		61564  		831360  		924876
	
1.000  			3.600			0.700			80016  		78395  		8992  		61296  		831628  		925144
	
0.971  			3.400			0.700			80016  		78395  		8992  		61520  		831396  		924912
	
0.000  			3.300			0.700			80016  		78395  		8992  		61836  		831080  		924596
	
1.000  			3.300			0.700			80016  		78395  		8992  		61476  		831440  		924964
	
1.000  			3.100			0.700			80016  		78395  		8992  		61404  		831512  		925036
	
2.923  			3.100			0.700			80016  		78395  		8992  		61644  		831264  		924796
	
2.000  			3.000			0.700			80016  		78395  		8992  		61708  		831192  		924724
	
1.000  			2.900			0.700			80016  		78395  		8992  		61864  		831036  		924576
	
1.000  			2.900			0.700			80016  		78395  		8992  		61760  		831140  		924680
	
1.000  			2.800			0.700			80016  		78395  		8992  		61788  		831112  		924652
	
1.000  			2.800			0.700			80016  		78395  		8992  		61720  		831180  		924720
	
1.971  			2.700			0.700			80016  		78395  		8992  		61784  		831108  		924656
	
1.000  			2.700			0.700			80016  		78395  		8992  		61548  		831344  		924892
	
1.000  			2.600			0.700			80016  		78395  		8992  		61740  		831152  		924700
	
0.971  			2.600			0.700			80016  		78395  		8992  		61808  		831084  		924632
	
2.000  			2.600			0.700			80016  		78395  		8992  		61516  		831368  		924916
	
2.000  			2.500			0.700			80016  		78395  		8992  		61724  		831160  		924716
	
0.971  			2.500			0.700			80016  		78395  		8992  		61784  		831100  		924656
	
1.971  			2.400			0.700			80016  		78395  		8992  		61780  		831104  		924660
	
1.000  			2.400			0.700			80016  		78395  		8992  		61736  		831148  		924704
	
0.962  			2.400			0.700			80016  		78395  		8992  		61496  		831388  		924944
	
0.000  			2.300			0.700			80016  		78395  		8992  		61864  		831004  		924576
	
2.000  			2.300			0.700			80016  		78395  		8992  		61860  		831008  		924580
	
1.000  			2.300			0.700			80016  		78395  		8992  		61748  		831120  		924692
	
0.000  			2.300			0.700			80016  		78395  		8992  		61732  		831128  		924708
	
0.962  			2.200			0.700			80016  		78395  		8992  		61800  		831060  		924640
	
0.971  			2.200			0.700			80016  		78395  		8992  		61704  		831156  		924736
	
1.971  			2.200			0.700			80016  		78395  		8992  		61524  		831336  		924916
	
0.971  			2.100			0.700			80016  		78395  		8992  		61896  		830964  		924544
	
1.000  			2.100			0.700			80016  		78395  		8992  		61932  		830920  		924500
	
1.971  			2.100			0.700			80016  		78395  		8992  		61748  		831104  		924692
	
1.000  			2.100			0.700			80016  		78395  		8992  		61640  		831212  		924800
	
1.000  			2.000			0.700			80016  		78395  		8992  		61492  		831360  		924948
	
0.971  			2.000			0.700			80016  		78395  		8992  		61580  		831272  		924860
	
0.000  			2.000			0.700			80016  		78395  		8992  		61784  		831060  		924648
	
0.000  			2.000			0.700			80016  		78395  		8992  		61740  		831104  		924700
	
1.000  			2.000			0.700			80016  		78395  		8992  		61704  		831136  		924736
	
1.971  			1.900			0.700			80016  		78395  		8992  		61832  		831008  		924608
	
1.962  			1.900			0.700			80016  		78395  		8992  		61652  		831188  		924788
	
0.962  			1.900			0.700			80016  		78395  		8992  		61632  		831200  		924800
	
1.000  			1.900			0.700			80016  		78395  		8992  		61680  		831152  		924760
	
0.000  			1.800			0.700			80016  		78395  		8992  		61756  		831076  		924684
	
1.962  			1.800			0.700			80016  		78395  		8992  		61740  		831092  		924700
	
0.971  			1.800			0.700			80016  		78395  		8992  		61756  		831076  		924684
	
1.000  			1.800			0.700			80016  		78395  		8992  		61480  		831352  		924960
	
1.000  			1.800			0.700			80016  		78395  		8992  		61600  		831224  		924840
	
1.971  			1.800			0.700			80016  		78395  		8992  		61748  		831076  		924692
	
0.000  			1.800			0.700			80016  		78395  		8992  		61640  		831184  		924800
	
1.000  			1.800			0.700			80016  		78395  		8992  		61588  		831228  		924852
	
0.000  			1.800			0.700			80016  		78395  		8992  		61668  		831148  		924772
	
1.962  			1.700			0.700			80016  		78395  		8992  		61524  		831292  		924916
	
1.000  			1.700			0.700			80016  		78395  		8992  		61620  		831196  		924820
	
2.962  			1.700			0.700			80016  		78395  		8992  		61616  		831200  		924824
	
2.000  			1.700			0.700			80016  		78395  		8992  		61664  		831152  		924776
	
1.000  			1.700			0.700			80016  		78395  		8992  		61664  		831144  		924776
	
1.000  			1.700			0.700			80016  		78395  		8992  		61740  		831068  		924700
	
2.000  			1.700			0.700			80016  		78395  		8992  		61840  		830968  		924600
	
1.962  			1.700			0.700			80016  		78395  		8992  		61784  		831016  		924656
	
1.971  			1.700			0.700			80016  		78395  		8992  		61732  		831068  		924708
	
0.000  			1.700			0.700			80016  		78395  		8992  		61664  		831136  		924776
	
0.000  			1.700			0.700			80016  		78395  		8992  		61700  		831100  		924740
	
1.942  			1.700			0.700			80016  		78395  		8992  		61584  		831216  		924856
	
0.971  			1.700			0.700			80016  		78395  		8992  		61560  		831232  		924872
	
0.971  			1.700			0.700			80016  		78395  		8992  		61680  		831112  		924760
	
1.000  			1.700			0.700			80016  		78395  		8992  		61672  		831120  		924768
	
1.000  			1.700			0.700			80016  		78395  		8992  		61548  		831244  		924892
	
0.971  			1.600			0.700			80016  		78395  		8992  		61656  		831136  		924784
	
0.000  			1.600			0.700			80016  		78395  		8992  		61416  		831376  		925024
	
0.000  			1.600			0.700			80016  		78395  		8992  		61464  		831328  		924976
	
0.000  			1.600			0.700			80016  		78395  		8992  		61480  		831304  		924960
	
0.000  			1.600			0.700			80016  		78395  		8992  		61448  		831336  		924992
	
1.923  			1.600			0.700			80016  		78395  		8992  		61420  		831364  		925020
	
1.000  			1.600			0.700			80016  		78395  		8992  		61384  		831400  		925056
	
1.971  			1.600			0.700			80016  		78395  		8992  		61412  		831364  		925028
	
0.962  			1.600			0.700			80016  		78395  		8992  		61236  		831540  		925204
	
0.000  			1.600			0.700			80016  		78395  		8992  		61352  		831424  		925088
	
0.971  			1.600			0.700			80016  		78395  		8992  		61328  		831448  		925112
	
0.971  			1.600			0.700			80016  		78395  		8992  		61312  		831464  		925128
	
0.000  			1.600			0.700			80016  		78395  		8992  		61148  		831620  		925292
	
0.000  			1.500			0.700			80016  		78395  		8992  		61004  		831764  		925436
	
1.000  			1.500			0.700			80016  		78395  		8992  		61132  		831636  		925308
	
2.942  			1.500			0.700			80016  		78395  		8992  		61192  		831576  		925248
	
0.000  			1.500			0.700			80016  		78395  		8992  		61396  		831364  		925044
	
0.000  			1.500			0.700			80016  		78395  		8992  		61388  		831372  		925052
	
1.000  			1.500			0.700			80016  		78395  		8992  		61268  		831492  		925172
	
0.971  			1.500			0.700			80016  		78395  		8992  		61396  		831364  		925044
	
0.962  			1.500			0.700			80016  		78395  		8992  		61420  		831332  		925012
	
1.000  			1.500			0.700			80016  		78395  		8992  		61528  		831220  		924912
	
0.000  			1.500			0.700			80016  		78395  		8992  		61516  		831232  		924924
	
1.962  			1.500			0.700			80016  		78395  		8992  		61208  		831540  		925232
	
1.971  			1.500			0.700			80016  		78395  		8992  		61376  		831364  		925056
	
1.000  			1.500			0.700			80016  		78395  		8992  		61404  		831336  		925036
	
1.000  			1.500			0.700			80016  		78395  		8992  		61412  		831328  		925028
	
0.000  			1.500			0.700			80016  		78395  		8992  		61152  		831588  		925288
	
1.000  			1.500			0.700			80016  		78395  		8992  		61248  		831492  		925192
	
1.000  			1.400			0.700			80016  		78395  		8992  		61216  		831524  		925224
	
1.000  			1.400			0.700			80016  		78395  		8992  		61384  		831348  		925056
	
1.000  			1.400			0.700			80016  		78395  		8992  		61248  		831484  		925192
	
1.000  			1.400			0.700			80016  		78395  		8992  		61152  		831580  		925288
	
1.971  			1.400			0.700			80016  		78395  		8992  		61444  		831288  		924996
	
0.971  			1.400			0.700			80016  		78395  		8992  		61204  		831528  		925236
	
1.962  			1.400			0.700			80016  		78395  		8992  		61404  		831320  		925036
	
1.000  			1.400			0.700			80016  		78395  		8992  		61156  		831568  		925284
	
0.971  			1.400			0.700			80016  		78395  		8992  		61200  		831524  		925240
	
