CPUProc			CPU  			MEM  			VSZ  		DRS  		RSS  		USED  		FREE  		AVAILABLE	
0.000  			3.100			0.600			30940  		30918  		8504  		57132  		841396  		929308
	
1.980  			1.600			0.600			30940  		30918  		8504  		57316  		841212  		929124
	
1.000  			2.000			0.900			68376  		68354  		11152  		57292  		841236  		929148
	
1.980  			1.500			0.900			68376  		68354  		11152  		57044  		841484  		929396
	
2.000  			1.400			0.900			68376  		68354  		11152  		56924  		841604  		929516
	
1.000  			1.600			0.900			68376  		68354  		11152  		57212  		841308  		929220
	
1.000  			1.600			0.900			68376  		68354  		11152  		56924  		841596  		929516
	
1.971  			1.700			0.900			68376  		68354  		11152  		56840  		841680  		929600
	
1.971  			1.500			0.900			68376  		68354  		11152  		56904  		841616  		929536
	
1.971  			1.500			0.900			68376  		68354  		11152  		56980  		841540  		929460
	
1.000  			1.600			0.900			68376  		68354  		11152  		57124  		841396  		929316
	
1.000  			1.600			0.900			68376  		68354  		11152  		57152  		841368  		929288
	
2.971  			1.400			0.900			68376  		68354  		11152  		56852  		841668  		929588
	
1.000  			1.500			0.900			68376  		68354  		11152  		57092  		841428  		929348
	
1.980  			1.500			0.900			68376  		68354  		11152  		57140  		841388  		929300
	
1.000  			1.400			0.900			68376  		68354  		11152  		57036  		841484  		929396
	
2.000  			1.500			0.900			68376  		68354  		11152  		56972  		841548  		929468
	
1.971  			1.500			0.900			68376  		68354  		11152  		57144  		841376  		929296
	
0.971  			1.500			0.900			68376  		68354  		11152  		57156  		841364  		929284
	
1.000  			1.500			0.900			68376  		68354  		11152  		57144  		841376  		929296
	
2.980  			1.500			0.900			68376  		68354  		11152  		57128  		841384  		929312
	
1.000  			1.500			0.900			68376  		68354  		11152  		57176  		841336  		929264
	
1.000  			1.500			0.900			68376  		68354  		11152  		56964  		841548  		929476
	
1.000  			1.500			0.900			68376  		68354  		11152  		57120  		841384  		929312
	
2.980  			1.500			0.900			68376  		68354  		11152  		57232  		841272  		929208
	
2.000  			1.500			0.900			68376  		68354  		11152  		57072  		841432  		929368
	
1.000  			1.500			0.900			68376  		68354  		11152  		57164  		841332  		929276
	
2.000  			1.400			0.900			68376  		68354  		11152  		57180  		841316  		929260
	
2.000  			1.500			0.900			68376  		68354  		11152  		57152  		841344  		929288
	
0.971  			1.500			0.900			68376  		68354  		11152  		57088  		841400  		929352
	
2.942  			1.500			0.900			68376  		68354  		11152  		57028  		841452  		929412
	
1.980  			1.500			0.900			68376  		68354  		11152  		57000  		841480  		929440
	
2.000  			1.500			0.900			68376  		68354  		11152  		57392  		841080  		929040
	
1.000  			1.500			0.900			68376  		68354  		11152  		57196  		841268  		929244
	
1.971  			1.500			0.900			68508  		68486  		11152  		57316  		841148  		929124
	
0.000  			1.500			0.900			68508  		68486  		11152  		57276  		841188  		929164
	
1.000  			1.500			0.900			68508  		68486  		11152  		57236  		841220  		929204
	
1.000  			1.500			0.900			68508  		68486  		11152  		57400  		841056  		929040
	
2.942  			1.500			0.900			68508  		68486  		11152  		57332  		841116  		929108
	
1.000  			1.500			0.900			68508  		68486  		11152  		57280  		841160  		929160
	
0.000  			1.500			0.900			68508  		68486  		11152  		57136  		841304  		929304
	
0.971  			1.500			0.900			68508  		68486  		11152  		57076  		841356  		929364
	
1.000  			1.500			0.900			68508  		68486  		11152  		57264  		841168  		929176
	
2.942  			1.500			0.900			68508  		68486  		11152  		57208  		841216  		929232
	
1.000  			1.500			0.900			68508  		68486  		11152  		57280  		841144  		929160
	
0.971  			1.500			0.900			68508  		68486  		11152  		57268  		841132  		929172
	
1.971  			1.500			0.900			68508  		68486  		11152  		57472  		840920  		928968
	
1.971  			1.500			0.900			68508  		68486  		11152  		57460  		840932  		928980
	
1.971  			1.500			0.900			68508  		68486  		11152  		57300  		841092  		929140
	
1.000  			1.500			0.900			68508  		68486  		11152  		57592  		840800  		928848
	
1.980  			1.500			0.900			68508  		68486  		11152  		57236  		841144  		929204
	
2.971  			1.500			0.900			68508  		68486  		11152  		57356  		841024  		929084
	
1.000  			1.500			0.900			68508  		68486  		11152  		57412  		840960  		929028
	
1.000  			1.500			0.900			68508  		68486  		11152  		57392  		840980  		929048
	
1.942  			1.500			1.000			68508  		68486  		11436  		57552  		840812  		928888
	
1.980  			1.500			1.000			68508  		68486  		11436  		57412  		840944  		929028
	
2.000  			1.500			1.000			68508  		68486  		11436  		57556  		840800  		928884
	
1.000  			1.500			1.000			68508  		68486  		11436  		57420  		840928  		929020
	
0.971  			1.500			1.000			68508  		68486  		11436  		57548  		840792  		928892
	
2.000  			1.500			1.000			68508  		68486  		11436  		57532  		840808  		928908
	
1.000  			1.500			1.000			68508  		68486  		11436  		57528  		840812  		928912
	
1.000  			1.500			1.000			68508  		68486  		11436  		57456  		840876  		928984
	
1.980  			1.500			1.000			68508  		68486  		11436  		57756  		840568  		928684
	
1.971  			1.500			1.000			68508  		68486  		11436  		57484  		840840  		928956
	
0.971  			1.500			1.000			68508  		68486  		11436  		57428  		840896  		929012
	
3.000  			1.500			1.000			68508  		68486  		11436  		57800  		840524  		928640
	
1.000  			1.500			1.000			68508  		68486  		11436  		57936  		840372  		928504
	
1.000  			1.500			1.000			68508  		68486  		11436  		57956  		840352  		928484
	
1.942  			1.500			1.000			68508  		68486  		11436  		57764  		840544  		928676
	
1.000  			1.500			1.000			68508  		68486  		11436  		57764  		840544  		928676
	
2.000  			1.500			1.000			68508  		68486  		11436  		57908  		840384  		928532
	
0.971  			1.500			1.000			68508  		68486  		11436  		58012  		840280  		928428
	
0.971  			1.500			1.000			68636  		68614  		11500  		57928  		840356  		928512
	
1.980  			1.500			1.000			68636  		68614  		11500  		57992  		840292  		928448
	
1.971  			1.500			1.000			68636  		68614  		11500  		57956  		840328  		928484
	
1.971  			1.500			1.000			68636  		68614  		11500  		58048  		840228  		928392
	
1.000  			1.500			1.000			68636  		68614  		11500  		58052  		840216  		928388
	
2.000  			1.500			1.000			68636  		68614  		11500  		57792  		840476  		928648
	
0.000  			1.500			1.000			68636  		68614  		11500  		57944  		840324  		928496
	
2.942  			1.500			1.000			68636  		68614  		11500  		58100  		840152  		928332
	
1.000  			1.500			1.000			68636  		68614  		11500  		58020  		840232  		928412
	
2.000  			1.500			1.000			68636  		68614  		11500  		58168  		840084  		928272
	
0.980  			1.500			1.000			68636  		68614  		11500  		58004  		840248  		928436
	
0.000  			1.500			1.000			68636  		68614  		11500  		58112  		840132  		928328
	
1.000  			1.500			1.000			68636  		68614  		11500  		58164  		840072  		928272
	
1.000  			1.500			1.000			68636  		68614  		11500  		58180  		840056  		928260
	
1.980  			1.500			1.000			68636  		68614  		11500  		58076  		840152  		928364
	
0.971  			1.500			1.000			68636  		68614  		11500  		58012  		840216  		928428
	
0.971  			1.500			1.000			68636  		68614  		11500  		58264  		839964  		928176
	
0.000  			1.500			1.000			68636  		68614  		11500  		58200  		840020  		928240
	
1.000  			1.500			1.000			68636  		68614  		11500  		58136  		840076  		928304
	
0.980  			1.500			1.000			68636  		68614  		11500  		58128  		840084  		928312
	
1.000  			1.500			1.000			68636  		68614  		11500  		58244  		839968  		928196
	
2.942  			1.500			1.000			68636  		68614  		11500  		58208  		839988  		928224
	
2.000  			1.500			1.000			68636  		68614  		11500  		58304  		839892  		928136
	
0.971  			1.500			1.000			68636  		68614  		11500  		58412  		839776  		928028
	
1.000  			1.500			1.000			68636  		68614  		11500  		58304  		839884  		928136
	
1.000  			1.500			1.000			68636  		68614  		11500  		58328  		839860  		928112
	
0.971  			1.500			1.000			68636  		68614  		11500  		58548  		839640  		927892
	
2.942  			1.500			1.000			68636  		68614  		11500  		58300  		839872  		928140
	
1.980  			1.500			1.000			68636  		68614  		11500  		58368  		839804  		928072
	
1.000  			1.500			1.000			68636  		68614  		11500  		58364  		839804  		928076
	
1.000  			1.500			1.000			68636  		68614  		11500  		58312  		839856  		928128
	
1.971  			1.500			1.000			68636  		68614  		11500  		58428  		839724  		928012
	
1.971  			1.500			1.000			68636  		68614  		11500  		58460  		839692  		927980
	
2.942  			1.500			1.000			68636  		68614  		11500  		58452  		839700  		927988
	
1.000  			1.500			1.000			68636  		68614  		11500  		58444  		839700  		927996
	
1.000  			1.500			1.000			68636  		68614  		11500  		58368  		839776  		928072
	
2.000  			1.500			1.000			68764  		68742  		11500  		58484  		839648  		927956
	
1.000  			1.500			1.000			68764  		68742  		11500  		58472  		839652  		927968
	
1.971  			1.500			1.000			68764  		68742  		11500  		58508  		839616  		927932
	
1.971  			1.500			1.000			68764  		68742  		11500  		58556  		839560  		927876
	
1.000  			1.500			1.000			68764  		68742  		11500  		58476  		839640  		927964
	
1.980  			1.500			1.000			68764  		68742  		11500  		58400  		839708  		928040
	
1.000  			1.500			1.000			68764  		68742  		11500  		58264  		839844  		928176
	
2.000  			1.500			1.000			68764  		68742  		11500  		58712  		839396  		927728
	
1.000  			1.500			1.000			68764  		68742  		11500  		58564  		839544  		927876
	
1.000  			1.500			1.000			68764  		68742  		11500  		58652  		839440  		927788
	
2.980  			1.500			1.000			68764  		68742  		11500  		58744  		839348  		927696
	
1.971  			1.500			1.000			68764  		68742  		11500  		58700  		839392  		927740
	
