CPUProc			CPU  			MEM  			VSZ  		DRS  		RSS  		USED  		FREE  		AVAILABLE	
0.000  			0.200			1.200			31068  		31046  		13456  		57264  		832288  		929176
	
4.942  			1.600			1.200			31068  		31046  		13456  		57560  		831984  		928880
	
0.000  			2.700			1.200			96720  		96698  		14188  		57660  		831884  		928780
	
2.942  			2.300			1.200			96720  		96698  		14188  		57344  		832208  		929096
	
0.000  			1.900			1.200			96720  		96698  		14204  		57144  		832408  		929296
	
2.000  			1.600			1.200			96720  		96698  		14204  		57116  		832428  		929324
	
1.000  			1.600			1.200			96720  		96698  		14204  		56996  		832548  		929444
	
0.000  			1.500			1.200			96720  		96698  		14204  		57220  		832324  		929220
	
1.000  			1.400			1.200			96720  		96698  		14204  		57272  		832272  		929168
	
1.980  			1.300			1.200			96720  		96698  		14204  		57348  		832188  		929084
	
0.000  			1.300			1.200			96720  		96698  		14204  		57372  		832164  		929060
	
0.000  			1.200			1.200			96720  		96698  		14204  		57396  		832140  		929044
	
1.980  			1.100			1.200			96720  		96698  		14204  		57292  		832244  		929148
	
0.000  			1.100			1.200			96720  		96698  		14204  		57184  		832352  		929256
	
0.000  			1.000			1.200			96720  		96698  		14204  		57344  		832188  		929092
	
1.971  			1.100			1.200			96720  		96698  		14204  		57252  		832276  		929188
	
0.000  			1.000			1.200			96720  		96698  		14204  		57256  		832272  		929184
	
1.000  			1.100			1.200			96720  		96698  		14204  		57232  		832296  		929208
	
1.000  			1.100			1.200			96720  		96698  		14204  		57164  		832356  		929276
	
2.000  			1.000			1.200			96720  		96698  		14204  		57396  		832124  		929044
	
0.000  			1.000			1.200			96720  		96698  		14204  		57348  		832172  		929092
	
0.971  			1.100			1.200			96720  		96698  		14204  		57248  		832272  		929192
	
0.000  			1.100			1.200			96720  		96698  		14204  		57324  		832196  		929116
	
0.000  			1.000			1.200			96720  		96698  		14204  		57372  		832136  		929068
	
0.000  			1.000			1.200			96720  		96698  		14204  		57168  		832340  		929272
	
2.000  			1.000			1.200			96720  		96698  		14204  		57236  		832272  		929204
	
0.000  			1.000			1.200			96720  		96698  		14204  		57372  		832136  		929068
	
1.971  			0.900			1.200			96720  		96698  		14204  		57360  		832140  		929080
	
0.000  			0.900			1.200			96720  		96698  		14204  		57260  		832240  		929180
	
0.980  			0.900			1.200			96720  		96698  		14204  		57184  		832316  		929256
	
0.000  			0.900			1.200			96720  		96698  		14204  		57096  		832404  		929344
	
0.000  			0.900			1.200			96720  		96698  		14204  		57312  		832180  		929120
	
1.000  			0.800			1.200			96720  		96698  		14204  		57376  		832116  		929064
	
2.980  			0.900			1.200			96720  		96698  		14204  		57332  		832160  		929108
	
0.000  			0.900			1.200			96720  		96698  		14204  		57328  		832164  		929112
	
1.000  			0.900			1.200			96720  		96698  		14204  		57168  		832324  		929272
	
0.000  			0.900			1.200			96720  		96698  		14204  		57336  		832148  		929104
	
2.000  			0.900			1.200			96720  		96698  		14204  		57220  		832264  		929220
	
0.000  			0.900			1.200			96720  		96698  		14204  		57312  		832172  		929128
	
0.000  			0.900			1.200			96720  		96698  		14204  		57228  		832256  		929212
	
0.971  			0.900			1.200			96720  		96698  		14204  		57288  		832188  		929144
	
0.000  			0.900			1.200			96720  		96698  		14204  		57412  		832064  		929028
	
2.000  			0.800			1.200			96720  		96698  		14204  		57328  		832148  		929112
	
0.000  			0.800			1.200			96720  		96698  		14204  		57332  		832144  		929108
	
2.000  			0.800			1.200			96720  		96698  		14204  		57380  		832096  		929060
	
1.980  			0.800			1.200			96720  		96698  		14204  		57356  		832112  		929076
	
1.000  			0.900			1.200			96720  		96698  		14204  		57008  		832460  		929432
	
1.971  			0.900			1.200			96720  		96698  		14204  		57304  		832164  		929136
	
0.980  			0.900			1.200			96720  		96698  		14204  		57344  		832124  		929096
	
0.000  			1.000			1.200			96720  		96698  		14204  		57288  		832180  		929152
	
0.971  			0.800			1.200			96720  		96698  		14204  		57276  		832180  		929164
	
0.000  			0.800			1.200			96720  		96698  		14204  		57204  		832252  		929236
	
1.000  			0.800			1.200			96720  		96698  		14204  		57352  		832104  		929088
	
1.000  			0.800			1.200			96720  		96698  		14204  		57268  		832188  		929172
	
0.000  			0.800			1.200			96720  		96698  		14204  		57532  		831916  		928900
	
1.971  			0.800			1.200			96720  		96698  		14204  		57452  		831996  		928988
	
0.000  			0.800			1.200			96720  		96698  		14204  		57340  		832108  		929100
	
1.971  			0.800			1.200			96720  		96698  		14204  		57316  		832132  		929124
	
2.000  			0.800			1.200			96720  		96698  		14204  		57348  		832092  		929092
	
0.000  			0.800			1.200			96720  		96698  		14204  		57428  		832012  		929012
	
1.942  			0.800			1.200			96720  		96698  		14204  		57376  		832064  		929064
	
0.971  			0.900			1.200			96720  		96698  		14204  		57340  		832100  		929100
	
1.000  			0.900			1.200			96720  		96698  		14204  		57304  		832120  		929136
	
0.000  			0.900			1.200			96720  		96698  		14204  		57440  		831984  		929000
	
0.971  			0.900			1.200			96720  		96698  		14204  		57384  		832040  		929056
	
0.000  			0.800			1.200			96720  		96698  		14204  		57440  		831976  		929000
	
0.980  			0.800			1.200			96720  		96698  		14204  		57392  		832016  		929040
	
0.000  			0.800			1.200			96720  		96698  		14204  		57524  		831884  		928916
	
0.000  			0.800			1.200			96720  		96698  		14204  		57404  		832004  		929036
	
1.000  			0.800			1.200			96720  		96698  		14204  		57232  		832176  		929208
	
0.000  			0.800			1.200			96720  		96698  		14204  		57324  		832084  		929116
	
1.971  			0.900			1.200			96720  		96698  		14204  		57360  		832040  		929072
	
0.000  			0.800			1.200			96720  		96698  		14208  		57372  		832028  		929068
	
1.000  			0.800			1.200			96720  		96698  		14208  		57448  		831952  		928992
	
1.000  			0.800			1.200			96720  		96698  		14208  		57364  		832028  		929076
	
0.000  			0.800			1.200			96720  		96698  		14212  		57412  		831980  		929028
	
1.000  			0.800			1.200			96720  		96698  		14212  		57524  		831868  		928916
	
0.000  			0.800			1.200			96720  		96698  		14212  		57496  		831888  		928944
	
1.000  			0.800			1.200			96720  		96698  		14212  		57488  		831896  		928952
	
0.000  			0.800			1.200			96720  		96698  		14212  		57400  		831984  		929040
	
1.000  			0.800			1.200			96720  		96698  		14212  		57388  		831988  		929052
	
0.971  			0.800			1.200			96720  		96698  		14212  		57376  		831992  		929060
	
0.000  			0.800			1.200			96720  		96698  		14212  		57600  		831776  		928840
	
1.961  			0.800			1.200			96720  		96698  		14212  		57488  		831888  		928952
	
0.000  			0.800			1.200			96720  		96698  		14212  		57572  		831804  		928868
	
0.971  			0.800			1.200			96720  		96698  		14212  		57192  		832184  		929248
	
0.000  			0.800			1.200			96720  		96698  		14212  		57548  		831824  		928892
	
1.971  			0.800			1.200			96720  		96698  		14212  		57628  		831736  		928812
	
1.971  			0.800			1.200			96720  		96698  		14212  		57504  		831860  		928936
	
1.000  			0.800			1.200			96720  		96698  		14212  		57600  		831764  		928840
	
1.971  			0.800			1.200			96720  		96698  		14212  		57544  		831812  		928888
	
1.000  			0.800			1.200			96720  		96698  		14212  		57540  		831816  		928900
	
0.000  			0.800			1.200			96720  		96698  		14212  		57384  		831972  		929056
	
0.971  			0.800			1.200			96720  		96698  		14212  		57408  		831940  		929032
	
0.000  			0.800			1.200			96720  		96698  		14212  		57364  		831980  		929072
	
0.000  			0.800			1.200			96720  		96698  		14212  		57412  		831928  		929028
	
0.971  			0.800			1.200			96720  		96698  		14212  		57444  		831896  		928996
	
2.000  			0.800			1.200			96720  		96698  		14212  		57576  		831764  		928864
	
1.000  			0.800			1.200			96720  		96698  		14212  		57724  		831608  		928716
	
0.971  			0.800			1.200			96720  		96698  		14212  		57716  		831616  		928724
	
1.000  			0.800			1.200			96720  		96698  		14212  		57720  		831612  		928720
	
1.980  			0.800			1.200			96720  		96698  		14212  		57692  		831628  		928744
	
0.000  			0.800			1.200			96720  		96698  		14212  		57664  		831656  		928776
	
1.000  			0.800			1.200			96720  		96698  		14212  		57680  		831632  		928760
	
0.000  			0.800			1.200			96720  		96698  		14212  		57812  		831500  		928628
	
1.971  			0.800			1.200			96720  		96698  		14212  		57560  		831752  		928880
	
0.000  			0.800			1.200			96720  		96698  		14212  		57584  		831728  		928856
	
0.000  			0.800			1.200			96720  		96698  		14212  		57760  		831536  		928672
	
0.000  			0.800			1.200			96720  		96698  		14212  		57588  		831708  		928852
	
2.000  			0.700			1.200			96720  		96698  		14212  		57768  		831528  		928672
	
0.000  			0.800			1.200			96720  		96698  		14212  		57676  		831620  		928764
	
2.971  			0.700			1.200			96720  		96698  		14212  		57588  		831708  		928852
	
1.000  			0.700			1.200			96720  		96698  		14212  		57720  		831576  		928720
	
1.942  			0.800			1.200			96720  		96698  		14212  		57960  		831336  		928480
	
0.000  			0.800			1.200			96720  		96698  		14212  		57676  		831604  		928764
	
0.000  			0.700			1.200			96720  		96698  		14212  		57804  		831476  		928636
	
1.000  			0.700			1.200			96720  		96698  		14212  		57836  		831444  		928604
	
0.000  			0.800			1.200			96720  		96698  		14212  		57648  		831632  		928792
	
0.980  			0.700			1.200			96720  		96698  		14212  		57752  		831520  		928688
	
1.980  			0.700			1.200			96720  		96698  		14212  		57668  		831604  		928772
	
