CPUProc			CPU  			MEM  			VSZ  		DRS  		RSS  		USED  		FREE  		AVAILABLE	
2.000  			15.400			0.700			80380  		78759  		9140  		61532  		825232  		924908
	
3.000  			13.100			0.700			80380  		78759  		9140  		61716  		825048  		924724
	
1.971  			10.300			0.700			80380  		78759  		9140  		61632  		825132  		924808
	
1.971  			9.600			0.700			80380  		78759  		9140  		61716  		825048  		924724
	
2.000  			8.800			0.700			80380  		78759  		9140  		61716  		825056  		924724
	
1.000  			7.500			0.700			80380  		78759  		9140  		61688  		825084  		924752
	
2.000  			7.000			0.700			80380  		78759  		9140  		61548  		825216  		924892
	
2.000  			6.200			0.700			80380  		78759  		9140  		61528  		825236  		924912
	
2.000  			6.000			0.700			80380  		78759  		9140  		61532  		825232  		924908
	
2.000  			5.800			0.700			80380  		78759  		9140  		61700  		825056  		924732
	
1.000  			5.300			0.700			80380  		78759  		9140  		61700  		825056  		924740
	
1.000  			5.100			0.700			80380  		78759  		9140  		61660  		825096  		924780
	
1.000  			4.700			0.700			80380  		78759  		9140  		61692  		825064  		924748
	
2.000  			4.700			0.700			80380  		78759  		9140  		61656  		825100  		924784
	
1.962  			4.400			0.700			80380  		78759  		9140  		61928  		824820  		924512
	
0.971  			4.300			0.700			80380  		78759  		9140  		61748  		825000  		924692
	
1.000  			4.200			0.700			80380  		78759  		9140  		61848  		824900  		924592
	
2.000  			4.000			0.700			80380  		78759  		9140  		61892  		824856  		924548
	
2.000  			3.900			0.700			80380  		78759  		9140  		61808  		824932  		924624
	
1.000  			3.800			0.700			80380  		78759  		9140  		61852  		824888  		924588
	
1.000  			3.700			0.700			80380  		78759  		9140  		61808  		824932  		924632
	
2.971  			3.500			0.700			80380  		78759  		9140  		61828  		824912  		924612
	
2.000  			3.500			0.700			80380  		78759  		9140  		62044  		824696  		924396
	
0.000  			3.500			0.700			80380  		78759  		9140  		61628  		825104  		924812
	
0.962  			3.300			0.700			80380  		78759  		9140  		61868  		824864  		924572
	
0.000  			3.300			0.700			80380  		78759  		9140  		61920  		824812  		924520
	
1.962  			3.100			0.700			80380  		78759  		9140  		61892  		824840  		924548
	
1.000  			3.100			0.700			80380  		78759  		9140  		61664  		825060  		924776
	
1.000  			3.000			0.700			80380  		78759  		9140  		61840  		824884  		924600
	
1.962  			3.000			0.700			80380  		78759  		9140  		61772  		824952  		924668
	
0.971  			2.900			0.700			80380  		78759  		9140  		61832  		824892  		924608
	
0.971  			2.800			0.700			80380  		78759  		9140  		61796  		824928  		924644
	
0.971  			2.800			0.700			80380  		78759  		9140  		61656  		825060  		924784
	
0.000  			2.700			0.700			80380  		78759  		9140  		61852  		824864  		924588
	
1.000  			2.700			0.700			80380  		78759  		9140  		61692  		825024  		924748
	
1.000  			2.600			0.700			80380  		78759  		9140  		61972  		824744  		924468
	
1.962  			2.600			0.700			80380  		78759  		9140  		61768  		824940  		924672
	
1.000  			2.500			0.700			80380  		78759  		9140  		61928  		824780  		924512
	
1.000  			2.500			0.700			80380  		78759  		9140  		61664  		825044  		924776
	
1.962  			2.500			0.700			80380  		78759  		9140  		61852  		824856  		924588
	
1.000  			2.400			0.700			80380  		78759  		9140  		61664  		825036  		924772
	
0.962  			2.400			0.700			80380  		78759  		9140  		61640  		825060  		924800
	
1.000  			2.300			0.700			80380  		78759  		9140  		61540  		825160  		924900
	
1.000  			2.300			0.700			80380  		78759  		9140  		61804  		824896  		924636
	
1.000  			2.300			0.700			80380  		78759  		9140  		61712  		824980  		924724
	
1.000  			2.200			0.700			80380  		78759  		9140  		61888  		824804  		924552
	
0.962  			2.200			0.700			80380  		78759  		9140  		61812  		824880  		924628
	
1.971  			2.200			0.700			80380  		78759  		9140  		61716  		824976  		924724
	
0.962  			2.200			0.700			80380  		78759  		9140  		61740  		824952  		924700
	
1.000  			2.100			0.700			80380  		78759  		9140  		61764  		824920  		924668
	
0.971  			2.100			0.700			80380  		78759  		9140  		61740  		824944  		924700
	
0.971  			2.100			0.700			80380  		78759  		9140  		61800  		824880  		924640
	
0.000  			2.100			0.700			80380  		78759  		9140  		61488  		825192  		924952
	
0.000  			2.100			0.700			80380  		78759  		9140  		61664  		825016  		924776
	
0.000  			2.000			0.700			80380  		78759  		9140  		61728  		824948  		924708
	
0.971  			2.000			0.700			80380  		78759  		9140  		61676  		824996  		924764
	
1.000  			2.000			0.700			80380  		78759  		9140  		61832  		824840  		924608
	
1.971  			2.000			0.700			80380  		78759  		9140  		61784  		824888  		924656
	
0.962  			2.000			0.700			80380  		78759  		9140  		61792  		824872  		924640
	
1.000  			1.900			0.700			80380  		78759  		9140  		61520  		825144  		924920
	
1.962  			1.900			0.700			80380  		78759  		9140  		61800  		824864  		924640
	
0.000  			1.900			0.700			80380  		78759  		9140  		61972  		824692  		924468
	
0.962  			1.900			0.700			80380  		78759  		9140  		61772  		824892  		924668
	
0.000  			1.900			0.700			80380  		78759  		9140  		61660  		824996  		924780
	
0.000  			1.900			0.700			80380  		78759  		9140  		61536  		825120  		924904
	
0.000  			1.800			0.700			80380  		78759  		9140  		61604  		825052  		924836
	
1.942  			1.800			0.700			80380  		78759  		9140  		61712  		824944  		924728
	
1.000  			1.800			0.700			80380  		78759  		9140  		61596  		825060  		924844
	
1.000  			1.800			0.700			80380  		78759  		9140  		61588  		825060  		924844
	
0.000  			1.800			0.700			80380  		78759  		9140  		61792  		824856  		924648
	
2.000  			1.800			0.700			80380  		78759  		9140  		61920  		824728  		924520
	
2.000  			1.800			0.700			80380  		78759  		9140  		61844  		824804  		924596
	
2.000  			1.800			0.700			80380  		78759  		9140  		61752  		824896  		924688
	
2.000  			1.800			0.700			80380  		78759  		9140  		61876  		824764  		924556
	
2.000  			1.800			0.700			80380  		78759  		9140  		61784  		824856  		924648
	
2.971  			1.800			0.700			80380  		78759  		9140  		61784  		824856  		924656
	
2.923  			1.800			0.700			80380  		78759  		9140  		61808  		824832  		924632
	
1.000  			1.800			0.700			80380  		78759  		9140  		61820  		824820  		924620
	
1.000  			1.800			0.700			80380  		78759  		9140  		61644  		824996  		924796
	
2.000  			1.800			0.700			80380  		78759  		9140  		61740  		824888  		924700
	
2.000  			1.800			0.700			80380  		78759  		9140  		61856  		824772  		924584
	
2.000  			1.800			0.700			80380  		78759  		9140  		61960  		824668  		924480
	
1.000  			1.800			0.700			80380  		78759  		9140  		61892  		824728  		924540
	
2.000  			1.800			0.700			80380  		78759  		9140  		61732  		824888  		924708
	
1.971  			1.800			0.700			80380  		78759  		9140  		61772  		824848  		924668
	
1.962  			1.700			0.700			80380  		78759  		9140  		61868  		824752  		924572
	
1.971  			1.700			0.700			80380  		78759  		9140  		61824  		824796  		924616
	
2.000  			1.700			0.700			80380  		78759  		9140  		61884  		824736  		924556
	
1.971  			1.700			0.700			80380  		78759  		9140  		61624  		824988  		924816
	
2.000  			1.700			0.700			80380  		78759  		9140  		61652  		824960  		924788
	
2.971  			1.700			0.700			80380  		78759  		9140  		61744  		824868  		924696
	
1.000  			1.700			0.700			80380  		78759  		9140  		61792  		824820  		924648
	
0.971  			1.700			0.700			80380  		78759  		9140  		61744  		824868  		924696
	
1.962  			1.700			0.700			80380  		78759  		9140  		61708  		824896  		924732
	
1.971  			1.700			0.700			80380  		78759  		9140  		61872  		824732  		924568
	
1.971  			1.700			0.700			80380  		78759  		9140  		61808  		824796  		924632
	
0.000  			1.700			0.700			80380  		78759  		9140  		61984  		824620  		924456
	
0.000  			1.700			0.700			80380  		78759  		9140  		62188  		824408  		924252
	
1.000  			1.700			0.700			80380  		78759  		9140  		61916  		824680  		924524
	
1.971  			1.700			0.700			80380  		78759  		9140  		61920  		824676  		924520
	
2.942  			1.700			0.700			80380  		78759  		9140  		61900  		824696  		924540
	
0.971  			1.700			0.700			80380  		78759  		9140  		62008  		824588  		924432
	
0.971  			1.700			0.700			80380  		78759  		9140  		61992  		824596  		924448
	
1.000  			1.700			0.700			80380  		78759  		9140  		61980  		824604  		924460
	
0.971  			1.700			0.700			80380  		78759  		9140  		62048  		824536  		924392
	
1.923  			1.700			0.700			80380  		78759  		9140  		61980  		824604  		924460
	
2.000  			1.700			0.700			80380  		78759  		9140  		61916  		824668  		924524
	
1.000  			1.700			0.700			80380  		78759  		9140  		61948  		824628  		924492
	
1.971  			1.700			0.700			80380  		78759  		9140  		62008  		824568  		924432
	
2.000  			1.700			0.700			80380  		78759  		9140  		61880  		824696  		924560
	
2.000  			1.700			0.700			80380  		78759  		9140  		62008  		824560  		924432
	
2.000  			1.700			0.700			80380  		78759  		9140  		62000  		824568  		924440
	
2.000  			1.700			0.700			80380  		78759  		9140  		61924  		824644  		924516
	
2.000  			1.700			0.700			80380  		78759  		9140  		62092  		824476  		924348
	
2.000  			1.700			0.700			80380  		78759  		9140  		61984  		824576  		924456
	
1.923  			1.700			0.700			80380  		78759  		9140  		61980  		824580  		924460
	
2.000  			1.700			0.700			80380  		78759  		9140  		61944  		824616  		924496
	
1.962  			1.700			0.700			80380  		78759  		9140  		62016  		824544  		924424
	
2.000  			1.600			0.700			80380  		78759  		9140  		61984  		824576  		924456
	
2.000  			1.700			0.700			80380  		78759  		9140  		61908  		824644  		924532
	
