CPUProc			CPU  			MEM  			VSZ  		DRS  		RSS  		USED  		FREE  		AVAILABLE	
0.000  			0.200			0.900			30940  		30918  		10704  		57520  		835152  		928920
	
5.971  			2.100			1.200			31068  		31046  		13356  		57904  		834760  		928536
	
3.961  			3.500			1.200			105940  		105918  		14148  		58308  		834356  		928132
	
2.000  			3.700			1.200			105940  		105918  		14148  		57952  		834712  		928488
	
3.000  			2.800			1.200			105940  		105918  		14148  		57648  		835024  		928792
	
1.971  			2.700			1.200			105940  		105918  		14148  		57616  		835056  		928824
	
2.000  			2.800			1.200			105940  		105918  		14148  		57952  		834712  		928488
	
1.000  			2.600			1.200			105940  		105918  		14148  		57880  		834784  		928560
	
2.000  			2.400			1.200			105940  		105918  		14148  		57760  		834904  		928680
	
3.942  			2.500			1.200			105940  		105918  		14148  		57652  		835004  		928780
	
1.000  			2.400			1.200			105940  		105918  		14148  		57952  		834704  		928488
	
2.000  			2.400			1.200			105940  		105918  		14148  		57780  		834876  		928660
	
1.942  			2.500			1.200			105940  		105918  		14148  		57856  		834800  		928584
	
2.971  			2.400			1.200			105940  		105918  		14148  		57904  		834752  		928536
	
2.961  			2.400			1.200			105940  		105918  		14148  		57724  		834932  		928716
	
3.980  			2.400			1.200			105940  		105918  		14148  		57980  		834668  		928460
	
2.000  			2.400			1.200			105940  		105918  		14148  		57852  		834796  		928588
	
2.971  			2.400			1.200			105940  		105918  		14148  		57800  		834848  		928640
	
1.000  			2.400			1.200			105940  		105918  		14148  		57788  		834860  		928652
	
2.942  			2.300			1.200			105940  		105918  		14148  		57904  		834736  		928536
	
0.980  			2.400			1.200			105940  		105918  		14148  		57936  		834696  		928504
	
3.000  			2.400			1.200			105940  		105918  		14148  		57880  		834752  		928560
	
2.000  			2.300			1.200			105940  		105918  		14148  		57952  		834672  		928488
	
2.000  			2.300			1.200			105940  		105918  		14148  		58004  		834612  		928436
	
2.000  			2.400			1.200			105940  		105918  		14148  		57848  		834760  		928592
	
2.942  			2.300			1.200			105940  		105918  		14148  		58024  		834584  		928416
	
1.971  			2.400			1.200			105940  		105918  		14148  		58004  		834604  		928436
	
2.000  			2.300			1.200			105940  		105918  		14148  		58128  		834464  		928304
	
3.971  			2.200			1.200			105940  		105918  		14148  		58108  		834484  		928332
	
2.000  			2.300			1.200			105940  		105918  		14148  		58248  		834336  		928192
	
2.961  			2.300			1.200			105940  		105918  		14148  		57992  		834592  		928448
	
2.971  			2.200			1.200			105940  		105918  		14148  		58080  		834504  		928360
	
2.980  			2.200			1.200			105940  		105918  		14148  		58020  		834548  		928420
	
3.942  			2.300			1.200			105940  		105918  		14148  		58136  		834432  		928304
	
2.000  			2.300			1.200			105940  		105918  		14148  		58172  		834388  		928268
	
2.000  			2.200			1.200			105940  		105918  		14148  		58348  		834212  		928092
	
2.971  			2.200			1.200			105940  		105918  		14148  		58304  		834248  		928128
	
2.000  			2.300			1.200			105940  		105918  		14148  		58228  		834316  		928212
	
1.980  			2.200			1.200			105940  		105918  		14148  		58356  		834188  		928084
	
3.000  			2.200			1.200			105940  		105918  		14148  		58268  		834276  		928172
	
1.000  			2.300			1.200			105940  		105918  		14148  		58360  		834176  		928080
	
3.971  			2.200			1.200			105940  		105918  		14148  		58312  		834216  		928120
	
3.942  			2.200			1.200			105940  		105918  		14148  		58448  		834072  		927992
	
1.000  			2.300			1.200			105940  		105918  		14148  		58288  		834224  		928152
	
3.000  			2.200			1.200			105940  		105918  		14148  		58372  		834140  		928068
	
0.971  			2.200			1.300			106068  		106046  		14304  		58488  		834024  		927952
	
0.000  			2.300			1.300			106196  		106174  		14460  		58192  		834304  		928248
	
3.942  			2.200			1.300			106196  		106174  		14460  		58316  		834180  		928124
	
1.980  			2.200			1.300			106196  		106174  		14460  		58348  		834140  		928092
	
2.980  			2.200			1.300			106196  		106174  		14460  		58552  		833924  		927888
	
2.000  			2.200			1.300			106196  		106174  		14460  		58632  		833836  		927808
	
1.961  			2.200			1.300			106196  		106174  		14460  		58648  		833820  		927792
	
2.000  			2.200			1.300			106196  		106174  		14460  		58540  		833928  		927900
	
3.000  			2.200			1.300			106196  		106174  		14460  		58420  		834032  		928020
	
2.980  			2.200			1.300			106196  		106174  		14460  		58712  		833740  		927728
	
0.980  			2.200			1.300			106196  		106174  		14460  		58688  		833764  		927752
	
1.000  			2.200			1.300			106196  		106174  		14460  		58672  		833772  		927768
	
1.980  			2.200			1.300			106196  		106174  		14460  		58548  		833896  		927892
	
1.000  			2.200			1.300			106196  		106174  		14460  		58720  		833716  		927720
	
2.000  			2.200			1.300			106196  		106174  		14460  		58672  		833756  		927768
	
3.000  			2.200			1.300			106196  		106174  		14460  		58776  		833652  		927664
	
2.000  			2.200			1.300			106196  		106174  		14460  		58744  		833684  		927696
	
2.000  			2.200			1.300			106196  		106174  		14460  		58828  		833576  		927612
	
2.000  			2.200			1.300			106196  		106174  		14460  		59024  		833380  		927416
	
2.980  			2.200			1.300			106196  		106174  		14460  		58856  		833548  		927584
	
3.942  			2.200			1.300			106196  		106174  		14460  		58828  		833568  		927612
	
2.000  			2.200			1.300			106196  		106174  		14460  		59060  		833328  		927380
	
2.971  			2.200			1.300			106196  		106174  		14460  		59048  		833340  		927392
	
2.000  			2.200			1.300			106196  		106174  		14460  		58876  		833512  		927564
	
1.980  			2.200			1.300			106196  		106174  		14460  		58936  		833452  		927504
	
1.961  			2.200			1.300			106196  		106174  		14460  		58824  		833548  		927616
	
1.980  			2.200			1.300			106196  		106174  		14460  		59124  		833248  		927316
	
1.980  			2.200			1.300			106196  		106174  		14460  		59176  		833196  		927264
	
2.000  			2.200			1.300			106196  		106174  		14460  		59100  		833272  		927340
	
2.971  			2.200			1.300			106196  		106174  		14460  		58908  		833456  		927532
	
2.000  			2.200			1.300			106196  		106174  		14460  		59108  		833256  		927332
	
2.971  			2.200			1.300			106196  		106174  		14460  		59064  		833300  		927376
	
2.000  			2.200			1.300			106196  		106174  		14460  		59124  		833240  		927316
	
2.971  			2.200			1.300			106196  		106174  		14460  		58992  		833372  		927448
	
2.980  			2.200			1.300			106196  		106174  		14460  		59092  		833264  		927348
	
2.000  			2.200			1.300			106196  		106174  		14460  		59044  		833312  		927396
	
1.971  			2.200			1.300			106196  		106174  		14460  		59052  		833296  		927388
	
1.971  			2.200			1.300			106196  		106174  		14460  		59000  		833340  		927432
	
4.961  			2.200			1.300			106196  		106174  		14460  		59176  		833164  		927264
	
1.000  			2.200			1.300			106196  		106174  		14460  		58992  		833348  		927448
	
1.961  			2.200			1.300			106196  		106174  		14460  		59120  		833220  		927320
	
2.971  			2.200			1.300			106196  		106174  		14460  		59108  		833224  		927332
	
1.942  			2.200			1.300			106196  		106174  		14460  		59224  		833108  		927216
	
1.942  			2.200			1.300			106196  		106174  		14460  		59292  		833032  		927148
	
1.000  			2.200			1.300			106196  		106174  		14460  		59288  		833028  		927152
	
3.971  			2.200			1.300			106196  		106174  		14492  		59412  		832904  		927028
	
2.000  			2.200			1.300			106196  		106174  		14492  		59400  		832916  		927040
	
2.971  			2.200			1.300			106196  		106174  		14492  		59352  		832956  		927088
	
2.000  			2.200			1.300			106196  		106174  		14492  		59472  		832836  		926968
	
3.000  			2.200			1.300			106196  		106174  		14492  		59448  		832852  		926992
	
2.000  			2.200			1.300			106196  		106174  		14492  		59388  		832912  		927052
	
1.000  			2.200			1.300			106196  		106174  		14492  		59332  		832968  		927108
	
1.000  			2.200			1.300			106456  		106434  		14620  		59472  		832828  		926968
	
3.971  			2.200			1.300			106456  		106434  		14620  		59492  		832796  		926948
	
1.971  			2.200			1.300			106456  		106434  		14620  		59500  		832780  		926940
	
1.971  			2.200			1.300			106456  		106434  		14620  		59716  		832564  		926724
	
0.971  			2.200			1.300			106456  		106434  		14620  		59532  		832748  		926908
	
1.971  			2.200			1.300			106456  		106434  		14620  		59764  		832508  		926676
	
1.971  			2.200			1.300			106456  		106434  		14620  		59456  		832816  		926984
	
2.000  			2.200			1.300			106456  		106434  		14620  		59604  		832660  		926836
	
2.942  			2.200			1.300			106456  		106434  		14620  		59660  		832604  		926780
	
1.971  			2.200			1.300			106456  		106434  		14620  		59428  		832828  		927004
	
2.000  			2.200			1.300			106456  		106434  		14620  		59536  		832720  		926904
	
2.000  			2.200			1.300			106456  		106434  		14620  		59552  		832696  		926888
	
2.000  			2.200			1.300			106456  		106434  		14620  		59784  		832456  		926656
	
1.980  			2.200			1.300			106456  		106434  		14620  		59792  		832448  		926648
	
1.971  			2.200			1.300			106456  		106434  		14620  		59872  		832352  		926568
	
2.000  			2.200			1.300			106456  		106434  		14620  		59884  		832340  		926556
	
2.000  			2.200			1.300			106456  		106434  		14620  		59860  		832364  		926580
	
3.980  			2.200			1.300			106456  		106434  		14620  		59604  		832612  		926836
	
1.000  			2.200			1.300			106456  		106434  		14620  		59832  		832376  		926608
	
2.971  			2.200			1.300			106456  		106434  		14620  		60032  		832172  		926408
	
2.980  			2.200			1.300			106456  		106434  		14620  		59936  		832268  		926504
	
3.000  			2.200			1.300			106456  		106434  		14620  		59908  		832296  		926532
	
1.000  			2.200			1.300			106456  		106434  		14620  		59952  		832236  		926488
	
