CPUProc			CPU  			MEM  			VSZ  		DRS  		RSS  		USED  		FREE  		AVAILABLE	
0.000  			0.200			1.200			31068  		31046  		13376  		57016  		830096  		929424
	
7.971  			4.100			1.200			31068  		31046  		13376  		57288  		829824  		929152
	
3.971  			5.300			1.200			105940  		105918  		14108  		57436  		829676  		929004
	
4.942  			4.500			1.200			105940  		105918  		14108  		57000  		830112  		929440
	
3.980  			4.900			1.200			105940  		105918  		14108  		57096  		830016  		929344
	
4.961  			4.300			1.200			105940  		105918  		14108  		57044  		830060  		929388
	
2.971  			4.200			1.200			105940  		105918  		14108  		57132  		829972  		929308
	
4.971  			4.100			1.200			105940  		105918  		14108  		56844  		830260  		929596
	
4.942  			4.200			1.200			105940  		105918  		14108  		57112  		829992  		929328
	
4.971  			3.900			1.200			105940  		105918  		14108  		57076  		830028  		929364
	
2.942  			3.900			1.200			105940  		105918  		14108  		57420  		829684  		929020
	
5.913  			4.100			1.200			105940  		105918  		14108  		57384  		829712  		929056
	
3.913  			3.900			1.200			105940  		105918  		14108  		57448  		829648  		928992
	
2.980  			4.000			1.200			105940  		105918  		14108  		57368  		829728  		929072
	
3.942  			3.900			1.200			105940  		105918  		14108  		57536  		829560  		928904
	
4.000  			3.900			1.200			105940  		105918  		14108  		57576  		829520  		928864
	
2.971  			3.900			1.200			105940  		105918  		14108  		57452  		829636  		928988
	
3.961  			3.900			1.200			105940  		105918  		14108  		57332  		829756  		929108
	
2.980  			3.800			1.200			105940  		105918  		14108  		57688  		829400  		928752
	
3.971  			3.900			1.200			105940  		105918  		14108  		57560  		829528  		928880
	
2.971  			3.900			1.200			105940  		105918  		14108  		57520  		829568  		928920
	
3.971  			3.800			1.200			105940  		105918  		14108  		57392  		829688  		929048
	
3.971  			3.800			1.200			105940  		105918  		14108  		57388  		829692  		929052
	
3.942  			3.900			1.200			105940  		105918  		14108  		57564  		829516  		928876
	
4.961  			3.800			1.200			105940  		105918  		14108  		57556  		829524  		928884
	
3.000  			3.900			1.200			105940  		105918  		14108  		57788  		829284  		928644
	
4.942  			3.900			1.200			106072  		106050  		14108  		57720  		829352  		928720
	
4.971  			3.700			1.200			106204  		106182  		14108  		57728  		829344  		928712
	
2.971  			3.900			1.200			106204  		106182  		14108  		57920  		829152  		928520
	
2.942  			3.900			1.200			106204  		106182  		14108  		57864  		829208  		928576
	
5.942  			3.900			1.200			106204  		106182  		14108  		57884  		829172  		928556
	
1.971  			3.900			1.200			106204  		106182  		14108  		58048  		828992  		928392
	
5.942  			3.900			1.200			106204  		106182  		14108  		57980  		829060  		928460
	
3.000  			3.800			1.200			106204  		106182  		14108  		58056  		828968  		928384
	
2.942  			3.800			1.200			106204  		106182  		14108  		58036  		828988  		928404
	
3.942  			3.900			1.200			106204  		106182  		14108  		58120  		828896  		928320
	
3.942  			3.800			1.200			106204  		106182  		14108  		58144  		828856  		928296
	
2.971  			3.800			1.200			106204  		106182  		14108  		58280  		828720  		928160
	
4.000  			3.900			1.200			106204  		106182  		14108  		58284  		828708  		928156
	
6.913  			3.800			1.200			106204  		106182  		14108  		58456  		828528  		927984
	
4.971  			3.800			1.200			106204  		106182  		14108  		58420  		828548  		928012
	
3.000  			3.800			1.200			106204  		106182  		14108  		58368  		828600  		928072
	
3.961  			3.800			1.200			106204  		106182  		14108  		58352  		828608  		928088
	
4.980  			3.800			1.300			106204  		106182  		14336  		58480  		828472  		927960
	
2.000  			3.800			1.400			106204  		106182  		14620  		58516  		828428  		927924
	
4.000  			3.800			1.400			106204  		106182  		14620  		58616  		828320  		927816
	
3.961  			3.800			1.400			106204  		106182  		14620  		58636  		828292  		927804
	
1.961  			3.800			1.400			106204  		106182  		14620  		58788  		828132  		927652
	
3.961  			3.800			1.400			106204  		106182  		14620  		58744  		828176  		927696
	
2.971  			3.800			1.400			106204  		106182  		14620  		58564  		828348  		927876
	
2.942  			3.800			1.400			106204  		106182  		14620  		58708  		828200  		927732
	
2.971  			3.800			1.400			106204  		106182  		14620  		58680  		828204  		927760
	
3.942  			3.800			1.400			106204  		106182  		14620  		58748  		828136  		927692
	
4.942  			3.800			1.400			106204  		106182  		14620  		58916  		827960  		927524
	
4.971  			3.800			1.400			106204  		106182  		14620  		59040  		827828  		927400
	
3.971  			3.800			1.400			106204  		106182  		14620  		58944  		827924  		927496
	
3.971  			3.800			1.400			106332  		106310  		14680  		59212  		827640  		927228
	
2.971  			3.800			1.400			106332  		106310  		14680  		59088  		827756  		927352
	
4.942  			3.800			1.400			106464  		106442  		14680  		59264  		827572  		927176
	
5.000  			3.800			1.400			106464  		106442  		14680  		59168  		827668  		927272
	
3.971  			3.800			1.400			106464  		106442  		14680  		59088  		827732  		927352
	
3.942  			3.800			1.400			106464  		106442  		14680  		59144  		827668  		927296
	
3.942  			3.800			1.400			106464  		106442  		14680  		59224  		827588  		927216
	
2.971  			3.800			1.400			106464  		106442  		14680  		59332  		827472  		927108
	
4.942  			3.800			1.400			106464  		106442  		14680  		59440  		827364  		927000
	
2.971  			3.800			1.400			106464  		106442  		14680  		59548  		827240  		926892
	
3.971  			3.800			1.400			106464  		106442  		14680  		59540  		827240  		926900
	
5.971  			3.800			1.400			106464  		106442  		14680  		59648  		827132  		926792
	
3.000  			3.800			1.400			106464  		106442  		14680  		59628  		827128  		926804
	
4.913  			3.800			1.400			106464  		106442  		14680  		59516  		827240  		926924
	
2.000  			3.800			1.400			106464  		106442  		14680  		59560  		827188  		926880
	
3.000  			3.800			1.400			106464  		106442  		14680  		59540  		827200  		926900
	
3.000  			3.800			1.400			106464  		106442  		14680  		59596  		827144  		926844
	
4.942  			3.800			1.400			106464  		106442  		14680  		59588  		827144  		926852
	
1.971  			3.800			1.400			106464  		106442  		14680  		59732  		826984  		926708
	
3.971  			3.800			1.400			106464  		106442  		14680  		59848  		826860  		926592
	
3.942  			3.800			1.400			106464  		106442  		14680  		59864  		826844  		926576
	
3.000  			3.800			1.400			106464  		106442  		14680  		59824  		826868  		926616
	
2.971  			3.800			1.400			106464  		106442  		14680  		59956  		826728  		926484
	
3.000  			3.800			1.400			106464  		106442  		14680  		59952  		826724  		926488
	
3.971  			3.800			1.400			106464  		106442  		14680  		60032  		826644  		926408
	
3.942  			3.800			1.400			106464  		106442  		14680  		60108  		826552  		926324
	
2.980  			3.800			1.400			106464  		106442  		14680  		60188  		826464  		926244
	
3.000  			3.800			1.400			106464  		106442  		14680  		60236  		826416  		926204
	
2.000  			3.800			1.400			106464  		106442  		14680  		60352  		826292  		926088
	
2.971  			3.800			1.400			106592  		106570  		14808  		60276  		826368  		926164
	
3.941  			3.800			1.400			106592  		106570  		14808  		60440  		826180  		925992
	
4.000  			3.800			1.400			106592  		106570  		14808  		60456  		826156  		925984
	
4.883  			3.800			1.400			106724  		106702  		14808  		60432  		826172  		926008
	
3.942  			3.800			1.400			106724  		106702  		14808  		60664  		825940  		925776
	
4.913  			3.800			1.400			106724  		106702  		14808  		60552  		826036  		925888
	
3.000  			3.800			1.400			106724  		106702  		14808  		60576  		826004  		925864
	
2.971  			3.800			1.400			106724  		106702  		14808  		60692  		825880  		925748
	
3.961  			3.800			1.400			106724  		106702  		14808  		60428  		826136  		926012
	
3.000  			3.800			1.400			106724  		106702  		14808  		60556  		826000  		925884
	
4.961  			3.800			1.400			106724  		106702  		14808  		60764  		825784  		925668
	
5.000  			3.800			1.400			106724  		106702  		14808  		60676  		825864  		925756
	
4.942  			3.800			1.400			106724  		106702  		14808  		60780  		825752  		925660
	
3.980  			3.800			1.400			106724  		106702  		14808  		60888  		825640  		925552
	
4.961  			3.800			1.400			106724  		106702  		14808  		60904  		825616  		925536
	
3.980  			3.800			1.400			106724  		106702  		14808  		61096  		825408  		925344
	
3.961  			3.800			1.400			106724  		106702  		14808  		61088  		825408  		925352
	
3.980  			3.800			1.400			106724  		106702  		14808  		61100  		825396  		925340
	
3.971  			3.800			1.400			106724  		106702  		14808  		60916  		825572  		925524
	
3.980  			3.800			1.400			106724  		106702  		14808  		61048  		825436  		925392
	
3.971  			3.800			1.400			106724  		106702  		15072  		61032  		825440  		925408
	
3.000  			3.800			1.400			106724  		106702  		15072  		61264  		825200  		925176
	
3.971  			3.800			1.400			106724  		106702  		15072  		61264  		825192  		925176
	
4.000  			3.800			1.400			106724  		106702  		15072  		61328  		825128  		925112
	
3.961  			3.800			1.400			106724  		106702  		15072  		61340  		825108  		925100
	
2.980  			3.800			1.400			106724  		106702  		15072  		61440  		824992  		925000
	
4.942  			3.800			1.400			106724  		106702  		15072  		61372  		825048  		925068
	
4.942  			3.800			1.400			106724  		106702  		15072  		61360  		825060  		925080
	
4.000  			3.800			1.400			106724  		106702  		15072  		61520  		824888  		924916
	
3.971  			3.800			1.400			106856  		106834  		15072  		61532  		824864  		924908
	
4.971  			3.800			1.400			106856  		106834  		15072  		61660  		824728  		924780
	
4.000  			3.800			1.400			106856  		106834  		15072  		61332  		825052  		925108
	
4.000  			3.800			1.400			106856  		106834  		15072  		61632  		824736  		924808
	
3.980  			3.800			1.400			106856  		106834  		15072  		61732  		824624  		924708
	
4.980  			3.800			1.400			106988  		106966  		15072  		61720  		824636  		924720
	
