CPUProc			CPU  			MEM  			VSZ  		DRS  		RSS  		USED  		FREE  		AVAILABLE	
0.000  			2.000			1.200			31068  		31046  		13308  		57572  		828568  		928868
	
11.883  			1.500			1.200			31068  		31046  		13308  		57716  		828424  		928724
	
3.971  			5.400			1.200			105940  		105918  		14084  		58388  		827752  		928052
	
6.913  			5.100			1.200			105940  		105918  		14084  		57768  		828372  		928672
	
3.980  			4.900			1.200			105940  		105918  		14084  		57676  		828464  		928764
	
4.000  			5.200			1.200			105940  		105918  		14084  		57664  		828468  		928776
	
4.971  			4.600			1.200			105940  		105918  		14084  		57828  		828304  		928612
	
3.980  			4.900			1.200			105940  		105918  		14084  		57956  		828176  		928484
	
5.971  			5.000			1.200			105940  		105918  		14084  		57820  		828312  		928620
	
5.942  			4.700			1.200			105940  		105918  		14084  		57680  		828436  		928760
	
2.942  			4.900			1.200			105940  		105918  		14084  		57808  		828300  		928632
	
5.971  			5.000			1.200			105940  		105918  		14084  		58044  		828056  		928396
	
4.971  			4.800			1.200			105940  		105918  		14084  		57968  		828124  		928472
	
5.000  			4.900			1.200			105940  		105918  		14084  		57920  		828164  		928520
	
5.971  			5.000			1.200			105940  		105918  		14084  		58080  		827996  		928360
	
5.942  			4.800			1.200			105940  		105918  		14084  		58012  		828056  		928428
	
5.971  			4.900			1.200			105940  		105918  		14084  		58184  		827884  		928256
	
4.000  			5.100			1.200			105940  		105918  		14084  		58212  		827856  		928228
	
5.961  			4.800			1.200			105940  		105918  		14084  		58136  		827916  		928304
	
4.971  			5.000			1.300			106068  		106046  		14240  		57960  		828084  		928480
	
4.971  			5.000			1.300			106068  		106046  		14240  		58192  		827852  		928248
	
5.000  			4.900			1.300			106196  		106174  		14396  		58332  		827696  		928108
	
5.000  			4.900			1.300			106196  		106174  		14396  		58252  		827776  		928188
	
3.942  			4.900			1.300			106196  		106174  		14396  		58456  		827556  		927984
	
4.980  			4.900			1.300			106196  		106174  		14396  		58476  		827528  		927964
	
4.971  			5.000			1.300			106196  		106174  		14396  		58572  		827432  		927868
	
4.913  			5.000			1.300			106196  		106174  		14396  		58696  		827292  		927736
	
3.942  			5.000			1.300			106196  		106174  		14396  		58760  		827228  		927680
	
3.942  			5.000			1.300			106196  		106174  		14396  		58624  		827364  		927816
	
4.971  			5.000			1.300			106196  		106174  		14396  		58896  		827092  		927544
	
4.942  			4.800			1.300			106196  		106174  		14396  		58888  		827100  		927552
	
4.971  			5.000			1.300			106196  		106174  		14396  		58836  		827152  		927604
	
5.942  			5.000			1.300			106196  		106174  		14396  		58780  		827196  		927660
	
4.942  			4.900			1.300			106196  		106174  		14396  		58964  		827012  		927476
	
4.971  			5.000			1.300			106196  		106174  		14396  		58856  		827112  		927584
	
3.961  			5.000			1.300			106196  		106174  		14396  		59016  		826948  		927424
	
3.000  			4.900			1.300			106196  		106174  		14396  		59136  		826816  		927304
	
4.961  			5.000			1.300			106196  		106174  		14396  		59072  		826880  		927368
	
5.971  			5.000			1.300			106196  		106174  		14396  		59008  		826944  		927432
	
4.971  			4.900			1.300			106196  		106174  		14396  		59224  		826704  		927208
	
5.942  			5.000			1.300			106196  		106174  		14396  		59348  		826572  		927084
	
3.961  			5.000			1.300			106328  		106306  		14396  		59356  		826556  		927084
	
5.922  			4.900			1.300			106328  		106306  		14396  		59428  		826476  		927012
	
2.971  			5.000			1.300			106460  		106438  		14396  		59456  		826440  		926984
	
6.883  			5.000			1.300			106460  		106438  		14396  		59568  		826328  		926872
	
1.971  			5.000			1.300			106460  		106438  		14396  		59760  		826120  		926680
	
5.980  			5.000			1.300			106460  		106438  		14396  		59364  		826516  		927076
	
3.961  			5.000			1.300			106460  		106438  		14396  		59704  		826168  		926736
	
5.971  			5.000			1.300			106460  		106438  		14396  		59760  		826112  		926680
	
4.971  			5.000			1.300			106460  		106438  		14396  		59920  		825944  		926520
	
6.000  			5.000			1.300			106460  		106438  		14396  		59884  		825960  		926556
	
3.961  			4.900			1.300			106460  		106438  		14396  		59712  		826132  		926728
	
5.971  			5.000			1.300			106460  		106438  		14396  		59952  		825892  		926488
	
3.942  			5.000			1.300			106460  		106438  		14396  		59996  		825832  		926444
	
5.913  			5.000			1.300			106460  		106438  		14396  		60028  		825784  		926412
	
5.000  			5.000			1.300			106460  		106438  		14396  		60152  		825660  		926288
	
6.941  			5.000			1.300			106460  		106438  		14396  		60092  		825712  		926348
	
4.000  			5.000			1.300			106460  		106438  		14396  		60224  		825572  		926216
	
4.000  			5.000			1.300			106460  		106438  		14396  		60108  		825680  		926332
	
4.942  			5.000			1.300			106460  		106438  		14396  		60364  		825408  		926076
	
4.971  			5.000			1.300			106460  		106438  		14396  		60376  		825388  		926064
	
4.913  			4.900			1.300			106460  		106438  		14396  		60468  		825288  		925972
	
2.961  			5.000			1.300			106460  		106438  		14396  		60608  		825140  		925832
	
5.942  			5.000			1.300			106460  		106438  		14396  		60708  		825016  		925732
	
4.883  			4.900			1.300			106592  		106570  		14396  		60728  		824996  		925712
	
4.942  			5.000			1.300			106592  		106570  		14656  		60580  		825136  		925860
	
4.913  			5.000			1.400			106720  		106698  		14916  		60880  		824828  		925560
	
4.961  			5.000			1.400			106720  		106698  		14916  		60856  		824844  		925584
	
5.000  			5.000			1.400			106720  		106698  		14916  		61028  		824672  		925412
	
3.942  			5.000			1.400			106720  		106698  		14916  		61076  		824600  		925364
	
4.913  			5.000			1.400			106720  		106698  		14916  		60936  		824740  		925504
	
3.971  			5.000			1.400			106720  		106698  		14916  		61008  		824652  		925432
	
4.980  			5.000			1.400			106720  		106698  		14916  		61092  		824568  		925348
	
3.971  			4.900			1.400			106720  		106698  		14916  		61260  		824376  		925172
	
5.913  			5.000			1.400			106720  		106698  		14916  		60988  		824640  		925452
	
3.971  			5.000			1.400			106720  		106698  		14916  		61408  		824212  		925032
	
5.941  			5.000			1.400			106720  		106698  		14916  		61452  		824168  		924988
	
3.961  			4.900			1.400			106720  		106698  		14916  		61532  		824072  		924908
	
6.883  			5.000			1.400			106720  		106698  		14916  		61588  		824000  		924852
	
5.942  			4.900			1.400			106720  		106698  		14916  		61640  		823940  		924800
	
4.971  			5.000			1.400			106720  		106698  		14916  		61588  		823984  		924852
	
5.942  			5.000			1.400			106720  		106698  		14916  		61556  		824008  		924884
	
4.971  			4.900			1.400			106720  		106698  		14916  		61636  		823920  		924804
	
4.942  			5.000			1.400			106720  		106698  		14916  		61840  		823708  		924600
	
3.942  			5.000			1.400			106720  		106698  		14916  		61968  		823556  		924472
	
5.883  			4.900			1.400			106720  		106698  		14916  		62056  		823468  		924384
	
4.971  			5.000			1.400			106852  		106830  		14916  		62032  		823492  		924408
	
4.971  			5.000			1.400			106852  		106830  		14916  		61992  		823516  		924448
	
4.961  			4.900			1.400			106984  		106962  		14916  		62132  		823364  		924300
	
4.980  			5.000			1.400			106984  		106962  		14916  		62196  		823284  		924244
	
5.971  			5.000			1.400			106984  		106962  		14916  		62232  		823236  		924208
	
4.971  			4.900			1.400			106984  		106962  		14916  		62324  		823144  		924116
	
5.942  			4.900			1.400			106984  		106962  		14916  		62248  		823208  		924192
	
4.942  			4.900			1.400			106984  		106962  		14916  		62400  		823040  		924040
	
5.971  			4.900			1.400			106984  		106962  		14916  		62276  		823156  		924164
	
4.000  			4.900			1.400			106984  		106962  		14916  		62388  		823040  		924052
	
4.971  			4.900			1.400			106984  		106962  		14916  		62532  		822876  		923908
	
3.942  			4.900			1.400			106984  		106962  		14916  		62748  		822656  		923692
	
5.000  			4.900			1.400			106984  		106962  		14916  		62560  		822824  		923876
	
4.913  			5.000			1.400			106984  		106962  		14916  		62860  		822508  		923580
	
3.971  			4.900			1.400			106984  		106962  		14916  		63104  		822252  		923336
	
5.883  			4.900			1.400			106984  		106962  		14916  		63076  		822276  		923364
	
6.961  			4.900			1.400			106984  		106962  		14916  		63064  		822272  		923376
	
5.941  			4.900			1.400			106984  		106962  		14916  		63312  		822008  		923128
	
4.961  			4.900			1.400			106984  		106962  		14916  		63348  		821964  		923092
	
5.971  			4.900			1.400			106984  		106962  		14916  		63212  		822084  		923228
	
2.971  			4.900			1.400			106984  		106962  		14916  		63332  		821956  		923108
	
2.000  			4.900			1.400			106984  		106962  		14980  		63208  		822072  		923232
	
2.942  			4.900			1.400			106984  		106962  		14980  		63428  		821832  		923012
	
1.980  			4.900			1.400			106984  		106962  		14980  		63452  		821808  		922988
	
1.000  			4.900			1.400			106984  		106962  		14980  		63488  		821764  		922952
	
2.971  			4.800			1.400			107116  		107094  		14980  		63636  		821608  		922804
	
2.980  			4.800			1.400			107116  		107094  		15240  		63648  		821576  		922792
	
2.000  			4.800			1.400			107116  		107094  		15240  		63512  		821712  		922928
	
3.000  			4.800			1.400			107116  		107094  		15240  		63644  		821572  		922796
	
2.000  			4.800			1.400			107116  		107094  		15240  		63676  		821536  		922760
	
1.000  			4.800			1.400			107116  		107094  		15240  		63496  		821700  		922944
	
2.961  			4.700			1.400			107116  		107094  		15240  		63892  		821304  		922548
	
0.784  			4.700			1.400			107116  		107094  		15340  		64120  		821068  		922320
	
0.000  			4.700			1.400			106988  		106967  		15268  		61692  		823688  		924748
	
