CPUProc			CPU  			MEM  			VSZ  		DRS  		RSS  		USED  		FREE  		AVAILABLE	
0.000  			14.800			0.700			80056  		78435  		9028  		62384  		820240  		924056
	
0.971  			12.500			0.700			80056  		78435  		9028  		62084  		820532  		924356
	
0.000  			9.500			0.700			80056  		78435  		9028  		62364  		820252  		924076
	
0.000  			8.400			0.700			80056  		78435  		9028  		62324  		820292  		924116
	
1.000  			6.900			0.700			80056  		78435  		9028  		62112  		820504  		924328
	
0.000  			6.400			0.700			80056  		78435  		9028  		62164  		820444  		924276
	
0.000  			5.900			0.700			80056  		78435  		9028  		62180  		820428  		924260
	
0.971  			5.100			0.700			80056  		78435  		9028  		62308  		820300  		924132
	
0.000  			4.800			0.700			80056  		78435  		9028  		62092  		820516  		924348
	
0.000  			4.300			0.700			80056  		78435  		9028  		62296  		820308  		924140
	
0.000  			4.100			0.700			80056  		78435  		9028  		62300  		820300  		924140
	
0.000  			3.900			0.700			80056  		78435  		9028  		62200  		820400  		924240
	
0.000  			3.500			0.700			80056  		78435  		9028  		62244  		820356  		924196
	
0.000  			3.400			0.700			80056  		78435  		9028  		62360  		820232  		924076
	
1.000  			3.100			0.700			80056  		78435  		9028  		62324  		820268  		924116
	
0.000  			3.100			0.700			80056  		78435  		9028  		62388  		820204  		924052
	
0.000  			2.800			0.700			80056  		78435  		9028  		62224  		820368  		924216
	
0.971  			2.700			0.700			80056  		78435  		9028  		62280  		820312  		924160
	
0.000  			2.700			0.700			80056  		78435  		9028  		62352  		820232  		924080
	
0.000  			2.500			0.700			80056  		78435  		9028  		62240  		820344  		924200
	
0.000  			2.400			0.700			80056  		78435  		9028  		62344  		820240  		924096
	
1.000  			2.300			0.700			80056  		78435  		9028  		62296  		820288  		924144
	
1.971  			2.300			0.700			80056  		78435  		9028  		62200  		820384  		924240
	
0.000  			2.200			0.700			80056  		78435  		9028  		62212  		820360  		924224
	
0.000  			2.100			0.700			80056  		78435  		9028  		62200  		820372  		924240
	
1.000  			2.100			0.700			80056  		78435  		9028  		62160  		820412  		924280
	
0.000  			2.000			0.700			80056  		78435  		9028  		62240  		820332  		924200
	
0.000  			2.000			0.700			80056  		78435  		9028  		62228  		820336  		924204
	
1.923  			1.900			0.700			80056  		78435  		9028  		62412  		820152  		924028
	
0.000  			1.800			0.700			80056  		78435  		9028  		62272  		820292  		924168
	
0.000  			1.800			0.700			80056  		78435  		9028  		62264  		820292  		924176
	
0.000  			1.700			0.700			80056  		78435  		9028  		62260  		820296  		924180
	
0.000  			1.700			0.700			80056  		78435  		9028  		62188  		820360  		924248
	
0.962  			1.600			0.700			80056  		78435  		9028  		62440  		820108  		924000
	
0.000  			1.600			0.700			80056  		78435  		9028  		62316  		820232  		924124
	
0.000  			1.600			0.700			80056  		78435  		9028  		62220  		820328  		924220
	
0.971  			1.500			0.700			80056  		78435  		9028  		62280  		820268  		924160
	
0.000  			1.500			0.700			80056  		78435  		9028  		62284  		820256  		924148
	
0.000  			1.500			0.700			80056  		78435  		9028  		62400  		820140  		924040
	
0.000  			1.500			0.700			80056  		78435  		9028  		62164  		820376  		924276
	
0.000  			1.400			0.700			80056  		78435  		9028  		62308  		820232  		924132
	
0.000  			1.400			0.700			80056  		78435  		9028  		62328  		820212  		924112
	
0.000  			1.400			0.700			80056  		78435  		9028  		62272  		820268  		924168
	
0.000  			1.400			0.700			80056  		78435  		9028  		62368  		820164  		924072
	
0.000  			1.300			0.700			80056  		78435  		9028  		62204  		820328  		924236
	
0.971  			1.300			0.700			80056  		78435  		9028  		62264  		820268  		924176
	
0.000  			1.300			0.700			80056  		78435  		9028  		62232  		820292  		924200
	
0.000  			1.300			0.700			80056  		78435  		9028  		62284  		820240  		924156
	
0.000  			1.300			0.700			80056  		78435  		9028  		62300  		820224  		924140
	
0.000  			1.200			0.700			80056  		78435  		9028  		62196  		820328  		924244
	
0.000  			1.200			0.700			80056  		78435  		9028  		62184  		820340  		924256
	
0.000  			1.200			0.700			80056  		78435  		9028  		62316  		820196  		924116
	
0.000  			1.200			0.700			80056  		78435  		9028  		62160  		820352  		924280
	
1.000  			1.200			0.700			80056  		78435  		9028  		62152  		820360  		924288
	
0.962  			1.100			0.700			80056  		78435  		9028  		62304  		820208  		924136
	
0.000  			1.100			0.700			80056  		78435  		9028  		62204  		820308  		924236
	
0.000  			1.100			0.700			80056  		78435  		9028  		62104  		820400  		924336
	
0.000  			1.100			0.700			80056  		78435  		9028  		62264  		820240  		924176
	
0.000  			1.100			0.700			80056  		78435  		9028  		62304  		820200  		924136
	
1.971  			1.100			0.700			80056  		78435  		9028  		62152  		820352  		924288
	
0.000  			1.100			0.700			80056  		78435  		9028  		62060  		820436  		924380
	
0.000  			1.000			0.700			80056  		78435  		9028  		62236  		820260  		924204
	
0.000  			1.000			0.700			80056  		78435  		9028  		62384  		820112  		924056
	
0.000  			1.000			0.700			80056  		78435  		9028  		62040  		820448  		924396
	
1.962  			1.000			0.700			80056  		78435  		9028  		61976  		820512  		924464
	
0.000  			1.000			0.700			80056  		78435  		9028  		62160  		820328  		924280
	
0.000  			1.000			0.700			80056  		78435  		9028  		61992  		820496  		924448
	
1.000  			1.000			0.700			80056  		78435  		9028  		62312  		820176  		924128
	
0.000  			1.000			0.700			80056  		78435  		9028  		62236  		820244  		924204
	
0.000  			1.000			0.700			80056  		78435  		9028  		62344  		820136  		924096
	
0.000  			0.900			0.700			80056  		78435  		9028  		62100  		820380  		924340
	
0.000  			0.900			0.700			80056  		78435  		9028  		62132  		820348  		924308
	
0.000  			0.900			0.700			80056  		78435  		9028  		62160  		820312  		924280
	
0.000  			0.900			0.700			80056  		78435  		9028  		62168  		820304  		924272
	
0.971  			0.900			0.700			80056  		78435  		9028  		62152  		820320  		924288
	
1.000  			0.900			0.700			80056  		78435  		9028  		62068  		820404  		924372
	
0.000  			0.900			0.700			80056  		78435  		9028  		62120  		820344  		924312
	
0.000  			0.900			0.700			80056  		78435  		9028  		62104  		820352  		924336
	
0.000  			0.900			0.700			80056  		78435  		9028  		62220  		820236  		924220
	
1.000  			0.900			0.700			80056  		78435  		9028  		62128  		820328  		924312
	
0.000  			0.800			0.700			80056  		78435  		9028  		62204  		820244  		924228
	
0.000  			0.800			0.700			80056  		78435  		9028  		62176  		820272  		924264
	
1.000  			0.800			0.700			80056  		78435  		9028  		62184  		820264  		924256
	
0.000  			0.800			0.700			80056  		78435  		9028  		62280  		820168  		924160
	
0.971  			0.800			0.700			80056  		78435  		9028  		62164  		820284  		924276
	
0.000  			0.800			0.700			80056  		78435  		9028  		62100  		820340  		924332
	
1.000  			0.800			0.700			80056  		78435  		9028  		62224  		820216  		924216
	
0.000  			0.800			0.700			80056  		78435  		9028  		62164  		820276  		924276
	
0.000  			0.800			0.700			80056  		78435  		9028  		62168  		820272  		924272
	
0.000  			0.800			0.700			80056  		78435  		9028  		62196  		820236  		924244
	
0.000  			0.800			0.700			80056  		78435  		9028  		62328  		820104  		924112
	
0.971  			0.800			0.700			80056  		78435  		9028  		62096  		820336  		924344
	
1.000  			0.800			0.700			80056  		78435  		9028  		62108  		820324  		924332
	
0.000  			0.800			0.700			80056  		78435  		9028  		62296  		820128  		924136
	
0.000  			0.800			0.700			80056  		78435  		9028  		62116  		820308  		924324
	
0.000  			0.800			0.700			80056  		78435  		9028  		62324  		820100  		924116
	
0.000  			0.800			0.700			80056  		78435  		9028  		62208  		820216  		924232
	
0.000  			0.700			0.700			80056  		78435  		9028  		62256  		820168  		924184
	
1.000  			0.700			0.700			80056  		78435  		9028  		62052  		820364  		924388
	
1.942  			0.700			0.700			80056  		78435  		9028  		62260  		820156  		924180
	
0.000  			0.700			0.700			80056  		78435  		9028  		61960  		820456  		924480
	
0.000  			0.700			0.700			80056  		78435  		9028  		62300  		820116  		924140
	
0.000  			0.700			0.700			80056  		78435  		9028  		62212  		820192  		924228
	
0.000  			0.700			0.700			80056  		78435  		9028  		62180  		820224  		924260
	
2.000  			0.700			0.700			80056  		78435  		9028  		62068  		820336  		924372
	
0.000  			0.700			0.700			80056  		78435  		9028  		62136  		820268  		924304
	
0.000  			0.700			0.700			80056  		78435  		9028  		62068  		820328  		924364
	
0.000  			0.700			0.700			80056  		78435  		9028  		61964  		820432  		924476
	
0.000  			0.700			0.700			80056  		78435  		9028  		62272  		820124  		924168
	
0.962  			0.700			0.700			80056  		78435  		9028  		62288  		820108  		924152
	
0.000  			0.700			0.700			80056  		78435  		9028  		62136  		820260  		924304
	
0.000  			0.700			0.700			80056  		78435  		9028  		62180  		820208  		924260
	
1.000  			0.700			0.700			80056  		78435  		9028  		62188  		820200  		924252
	
0.000  			0.700			0.700			80056  		78435  		9028  		62048  		820340  		924392
	
0.000  			0.700			0.700			80056  		78435  		9028  		62272  		820116  		924168
	
0.000  			0.700			0.700			80056  		78435  		9028  		62128  		820252  		924304
	
1.000  			0.700			0.700			80056  		78435  		9028  		62284  		820096  		924156
	
0.000  			0.700			0.700			80056  		78435  		9028  		62304  		820076  		924136
	
0.000  			0.700			0.700			80056  		78435  		9028  		62140  		820240  		924300
	
0.000  			0.700			0.700			80056  		78435  		9028  		62240  		820140  		924200
	
