CPUProc			CPU  			MEM  			VSZ  		DRS  		RSS  		USED  		FREE  		AVAILABLE	
104.000  			22.200			0.800			80016  		78395  		9360  		62040  		826404  		924400
	
104.000  			42.100			0.800			80016  		78395  		9360  		61996  		826440  		924444
	
103.000  			49.300			0.800			80016  		78395  		9360  		62036  		826400  		924404
	
103.000  			59.600			0.800			80016  		78395  		9360  		62004  		826432  		924436
	
103.000  			62.400			0.800			80016  		78395  		9360  		62004  		826432  		924436
	
103.000  			68.500			0.800			80016  		78395  		9360  		62040  		826388  		924400
	
103.000  			69.200			0.800			80016  		78395  		9360  		61956  		826472  		924484
	
103.000  			73.700			0.800			80016  		78395  		9360  		62116  		826312  		924324
	
103.000  			78.000			0.800			80016  		78395  		9360  		62032  		826396  		924408
	
103.000  			77.200			0.800			80016  		78395  		9360  		62044  		826376  		924396
	
103.000  			80.500			0.800			80016  		78395  		9360  		62008  		826412  		924432
	
103.000  			79.900			0.800			80016  		78395  		9360  		62048  		826372  		924392
	
103.000  			82.500			0.800			80016  		78395  		9360  		61984  		826436  		924456
	
103.883  			81.700			0.800			80016  		78395  		9360  		61896  		826516  		924544
	
103.971  			84.000			0.800			80016  		78395  		9360  		62020  		826392  		924420
	
103.000  			86.300			0.800			80016  		78395  		9360  		61900  		826512  		924540
	
103.000  			85.200			0.800			80016  		78395  		9360  		62100  		826312  		924340
	
103.000  			87.200			0.800			80016  		78395  		9360  		61892  		826520  		924548
	
103.000  			86.200			0.800			80016  		78395  		9360  		62100  		826304  		924340
	
104.000  			87.800			0.800			80016  		78395  		9360  		61924  		826480  		924516
	
103.000  			89.500			0.800			80016  		78395  		9360  		61856  		826548  		924584
	
103.000  			88.400			0.800			80016  		78395  		9360  		61928  		826464  		924512
	
103.000  			90.000			0.800			80016  		78395  		9360  		61860  		826532  		924580
	
103.000  			89.000			0.800			80016  		78395  		9360  		62048  		826344  		924392
	
103.000  			90.300			0.800			80016  		78395  		9360  		61924  		826468  		924516
	
103.000  			89.400			0.800			80016  		78395  		9360  		61972  		826412  		924468
	
103.000  			90.600			0.800			80016  		78395  		9360  		61984  		826400  		924456
	
103.000  			91.700			0.800			80016  		78395  		9360  		61980  		826404  		924460
	
104.000  			90.900			0.800			80016  		78395  		9360  		62156  		826228  		924284
	
102.000  			91.900			0.800			80016  		78395  		9360  		62048  		826336  		924392
	
104.000  			91.100			0.800			80016  		78395  		9360  		62080  		826296  		924360
	
103.000  			92.100			0.800			80016  		78395  		9360  		62056  		826320  		924384
	
103.000  			91.400			0.800			80016  		78395  		9360  		61996  		826380  		924444
	
103.000  			92.400			0.800			80016  		78395  		9360  		62056  		826320  		924384
	
104.000  			93.200			0.800			80016  		78395  		9360  		62064  		826304  		924376
	
103.000  			92.400			0.800			80016  		78395  		9360  		62144  		826224  		924296
	
103.000  			93.300			0.800			80016  		78395  		9360  		62016  		826352  		924424
	
103.000  			92.500			0.800			80016  		78395  		9360  		61928  		826440  		924512
	
103.000  			93.400			0.800			80016  		78395  		9360  		62032  		826328  		924408
	
103.000  			94.200			0.800			80016  		78395  		9360  		61964  		826396  		924476
	
103.000  			93.400			0.800			80016  		78395  		9360  		62048  		826312  		924392
	
103.000  			94.200			0.800			80016  		78395  		9360  		62048  		826312  		924392
	
105.000  			93.500			0.800			80016  		78395  		9360  		61980  		826372  		924460
	
104.000  			94.300			0.800			80016  		78395  		9360  		62008  		826344  		924432
	
104.000  			93.600			0.800			80016  		78395  		9360  		61944  		826408  		924496
	
104.000  			94.200			0.800			80016  		78395  		9360  		62108  		826236  		924332
	
102.962  			94.900			0.800			80016  		78395  		9360  		62056  		826288  		924384
	
104.000  			94.300			0.800			80016  		78395  		9360  		62024  		826320  		924416
	
104.000  			95.000			0.800			80016  		78395  		9360  		61968  		826368  		924472
	
104.000  			94.400			0.800			80016  		78395  		9360  		61900  		826424  		924540
	
104.000  			94.900			0.800			80016  		78395  		9360  		62004  		826320  		924436
	
103.000  			94.300			0.800			80016  		78395  		9360  		61944  		826380  		924496
	
103.000  			94.900			0.800			80016  		78395  		9360  		61976  		826336  		924464
	
103.000  			95.500			0.800			80016  		78395  		9360  		61992  		826320  		924448
	
103.000  			94.900			0.800			80016  		78395  		9360  		62056  		826256  		924384
	
103.000  			95.400			0.800			80016  		78395  		9360  		61920  		826392  		924520
	
103.000  			94.900			0.800			80016  		78395  		9360  		61948  		826356  		924492
	
104.000  			95.400			0.800			80016  		78395  		9360  		61924  		826380  		924516
	
104.000  			94.900			0.800			80016  		78395  		9360  		61856  		826448  		924584
	
103.000  			95.400			0.800			80016  		78395  		9360  		61964  		826340  		924476
	
103.000  			96.000			0.800			80016  		78395  		9360  		61872  		826432  		924568
	
103.000  			95.400			0.800			80016  		78395  		9360  		61944  		826352  		924496
	
103.000  			95.800			0.800			80016  		78395  		9360  		61876  		826420  		924564
	
102.767  			95.300			0.800			80016  		78395  		9360  		61992  		826304  		924448
	
103.000  			95.800			0.800			80016  		78395  		9360  		62068  		826228  		924372
	
104.000  			96.300			0.800			80016  		78395  		9360  		61932  		826364  		924508
	
103.000  			95.800			0.800			80016  		78395  		9360  		61984  		826304  		924456
	
103.000  			96.300			0.800			80016  		78395  		9360  		61988  		826300  		924452
	
104.000  			95.800			0.800			80016  		78395  		9360  		61828  		826460  		924612
	
103.000  			96.300			0.800			80016  		78395  		9360  		61820  		826468  		924620
	
103.000  			95.800			0.800			80016  		78395  		9360  		61864  		826416  		924576
	
103.000  			96.100			0.800			80016  		78395  		9360  		61892  		826388  		924548
	
104.000  			96.600			0.800			80016  		78395  		9360  		61932  		826348  		924508
	
103.000  			96.100			0.800			80016  		78395  		9360  		61880  		826400  		924560
	
103.000  			96.500			0.800			80016  		78395  		9360  		61920  		826360  		924520
	
103.000  			96.100			0.800			80016  		78395  		9360  		61864  		826408  		924576
	
104.000  			96.500			0.800			80016  		78395  		9360  		61884  		826388  		924556
	
104.000  			96.100			0.800			80016  		78395  		9360  		61900  		826372  		924540
	
103.000  			96.500			0.800			80016  		78395  		9360  		61872  		826400  		924568
	
103.000  			96.900			0.800			80016  		78395  		9360  		61964  		826300  		924476
	
103.000  			96.400			0.800			80016  		78395  		9360  		61776  		826488  		924664
	
104.000  			96.800			0.800			80016  		78395  		9360  		61952  		826312  		924488
	
103.000  			96.400			0.800			80016  		78395  		9360  		61884  		826380  		924556
	
103.000  			96.800			0.800			80016  		78395  		9360  		61916  		826340  		924524
	
103.000  			97.200			0.800			80016  		78395  		9360  		61884  		826372  		924556
	
103.000  			96.700			0.800			80016  		78395  		9360  		62068  		826188  		924372
	
104.000  			97.000			0.800			80016  		78395  		9360  		61888  		826368  		924552
	
103.000  			96.600			0.800			80016  		78395  		9360  		62172  		826076  		924268
	
103.000  			97.000			0.800			80016  		78395  		9360  		62240  		826008  		924200
	
104.000  			96.600			0.800			80016  		78395  		9360  		62160  		826088  		924280
	
103.000  			96.900			0.800			80016  		78395  		9360  		62212  		826036  		924228
	
103.000  			97.300			0.800			80016  		78395  		9360  		62292  		825956  		924148
	
104.000  			96.900			0.800			80016  		78395  		9360  		62196  		826044  		924244
	
104.000  			97.200			0.800			80016  		78395  		9360  		62256  		825984  		924184
	
103.000  			96.900			0.800			80016  		78395  		9360  		62172  		826068  		924268
	
103.000  			97.200			0.800			80016  		78395  		9360  		62204  		826036  		924236
	
103.000  			96.900			0.800			80016  		78395  		9360  		61984  		826248  		924456
	
104.000  			97.200			0.800			80016  		78395  		9360  		62120  		826112  		924320
	
103.000  			97.500			0.800			80016  		78395  		9360  		62228  		826004  		924212
	
103.000  			97.100			0.800			80016  		78395  		9360  		62132  		826096  		924308
	
103.000  			97.500			0.800			80016  		78395  		9360  		62160  		826060  		924280
	
103.000  			97.100			0.800			80016  		78395  		9360  		62132  		826088  		924308
	
104.000  			97.400			0.800			80016  		78395  		9360  		62036  		826184  		924404
	
103.000  			97.000			0.800			80016  		78395  		9360  		62116  		826104  		924324
	
103.000  			97.300			0.800			80016  		78395  		9360  		62036  		826184  		924404
	
103.000  			97.600			0.800			80016  		78395  		9360  		62116  		826096  		924324
	
103.000  			97.200			0.800			80016  		78395  		9360  		62260  		825952  		924180
	
103.000  			97.500			0.800			80016  		78395  		9360  		62076  		826128  		924364
	
103.000  			97.200			0.800			80016  		78395  		9360  		62168  		826028  		924272
	
103.000  			97.500			0.800			80016  		78395  		9360  		62172  		826024  		924268
	
104.000  			97.800			0.800			80016  		78395  		9360  		62176  		826020  		924264
	
104.000  			97.400			0.800			80016  		78395  		9360  		62208  		825988  		924232
	
103.000  			97.700			0.800			80016  		78395  		9360  		62176  		826020  		924264
	
102.731  			97.400			0.800			80016  		78395  		9360  		62112  		826076  		924328
	
103.000  			97.700			0.800			80016  		78395  		9360  		62152  		826036  		924288
	
103.000  			97.400			0.800			80016  		78395  		9360  		62152  		826036  		924288
	
104.000  			97.600			0.800			80016  		78395  		9360  		62176  		826004  		924264
	
103.000  			97.900			0.800			80016  		78395  		9360  		62176  		826004  		924264
	
103.000  			97.600			0.800			80016  		78395  		9360  		62100  		826080  		924340
	
104.000  			97.800			0.800			80016  		78395  		9360  		62100  		826080  		924340
	
