CPUProc			CPU  			MEM  			VSZ  		DRS  		RSS  		USED  		FREE  		AVAILABLE	
1.000  			0.200			0.600			30940  		30918  		8500  		57028  		831140  		929412
	
0.971  			4.100			0.900			31068  		31046  		11104  		57360  		830808  		929080
	
4.000  			2.100			1.200			68504  		68482  		13728  		57712  		830440  		928728
	
0.971  			2.200			1.200			105940  		105918  		14240  		57628  		830524  		928812
	
0.000  			2.000			1.200			105940  		105918  		14240  		57536  		830616  		928904
	
0.000  			1.500			1.200			105940  		105918  		14240  		57552  		830592  		928888
	
0.971  			1.200			1.200			105940  		105918  		14240  		57712  		830432  		928728
	
1.000  			1.100			1.200			105940  		105918  		14240  		57704  		830440  		928736
	
1.000  			1.200			1.200			105940  		105918  		14240  		57576  		830568  		928864
	
0.000  			1.100			1.200			105940  		105918  		14240  		57636  		830508  		928804
	
0.000  			1.000			1.200			105940  		105918  		14240  		57480  		830664  		928960
	
1.000  			1.000			1.200			105940  		105918  		14240  		57480  		830656  		928960
	
0.000  			0.800			1.200			105940  		105918  		14240  		57508  		830628  		928932
	
0.000  			0.700			1.200			105940  		105918  		14240  		57528  		830608  		928912
	
0.000  			0.700			1.200			105940  		105918  		14240  		57628  		830508  		928812
	
0.971  			0.700			1.200			105940  		105918  		14240  		57528  		830600  		928912
	
1.000  			0.700			1.200			105940  		105918  		14240  		57444  		830684  		928996
	
0.000  			0.700			1.200			105940  		105918  		14240  		57576  		830552  		928864
	
0.000  			0.600			1.200			105940  		105918  		14240  		57536  		830592  		928904
	
0.971  			0.600			1.200			105940  		105918  		14240  		57428  		830700  		929012
	
1.000  			0.600			1.200			105940  		105918  		14240  		57400  		830720  		929040
	
0.971  			0.500			1.200			105940  		105918  		14240  		57588  		830532  		928852
	
1.000  			0.600			1.200			105940  		105918  		14240  		57428  		830692  		929012
	
0.000  			0.700			1.200			105940  		105918  		14240  		57596  		830516  		928836
	
0.971  			0.500			1.200			105940  		105918  		14240  		57352  		830760  		929088
	
0.000  			0.500			1.200			105940  		105918  		14240  		57456  		830656  		928984
	
0.000  			0.500			1.200			105940  		105918  		14240  		57620  		830492  		928820
	
1.000  			0.500			1.200			105940  		105918  		14240  		57400  		830712  		929040
	
0.000  			0.500			1.200			105940  		105918  		14240  		57424  		830680  		929016
	
1.000  			0.500			1.200			105940  		105918  		14240  		57368  		830728  		929072
	
0.000  			0.500			1.200			105940  		105918  		14240  		57416  		830680  		929024
	
0.971  			0.500			1.200			105940  		105918  		14240  		57396  		830700  		929044
	
1.000  			0.500			1.200			105940  		105918  		14240  		57484  		830612  		928956
	
0.000  			0.500			1.200			105940  		105918  		14240  		57520  		830568  		928912
	
1.000  			0.500			1.200			105940  		105918  		14240  		57816  		830272  		928624
	
1.000  			0.500			1.200			105940  		105918  		14240  		57472  		830616  		928968
	
0.000  			0.500			1.200			105940  		105918  		14240  		57560  		830528  		928880
	
0.971  			0.500			1.200			105940  		105918  		14240  		57528  		830560  		928912
	
0.000  			0.500			1.200			105940  		105918  		14240  		57560  		830520  		928880
	
1.000  			0.500			1.200			105940  		105918  		14240  		57512  		830568  		928928
	
0.971  			0.500			1.200			105940  		105918  		14240  		57544  		830536  		928896
	
0.000  			0.500			1.200			105940  		105918  		14240  		57536  		830544  		928904
	
1.000  			0.500			1.200			105940  		105918  		14240  		57564  		830516  		928876
	
0.000  			0.500			1.200			105940  		105918  		14240  		57388  		830692  		929052
	
0.971  			0.500			1.200			105940  		105918  		14240  		57572  		830500  		928868
	
0.000  			0.500			1.200			105940  		105918  		14240  		57632  		830440  		928808
	
1.980  			0.500			1.200			105940  		105918  		14240  		57416  		830656  		929024
	
0.971  			0.500			1.200			105940  		105918  		14240  		57560  		830504  		928872
	
0.000  			0.500			1.200			105940  		105918  		14240  		57624  		830440  		928816
	
0.971  			0.500			1.200			105940  		105918  		14240  		57484  		830580  		928956
	
0.000  			0.500			1.200			105940  		105918  		14240  		57416  		830644  		929024
	
0.000  			0.500			1.200			105940  		105918  		14240  		57484  		830576  		928956
	
0.000  			0.500			1.200			105940  		105918  		14240  		57344  		830716  		929096
	
0.980  			0.500			1.200			105940  		105918  		14240  		57484  		830576  		928956
	
1.971  			0.500			1.200			105940  		105918  		14240  		57476  		830576  		928964
	
0.000  			0.500			1.200			105940  		105918  		14240  		57412  		830640  		929028
	
0.000  			0.500			1.200			105940  		105918  		14240  		57504  		830540  		928928
	
2.000  			0.500			1.200			105940  		105918  		14240  		57528  		830516  		928912
	
0.000  			0.500			1.200			105940  		105918  		14240  		57632  		830412  		928808
	
0.971  			0.500			1.200			105940  		105918  		14240  		57460  		830584  		928980
	
0.000  			0.500			1.200			105940  		105918  		14240  		57520  		830524  		928920
	
0.000  			0.500			1.200			105940  		105918  		14240  		57560  		830476  		928872
	
0.971  			0.500			1.200			105940  		105918  		14240  		57624  		830412  		928816
	
1.000  			0.500			1.200			105940  		105918  		14240  		57476  		830560  		928964
	
0.980  			0.500			1.200			105940  		105918  		14240  		57488  		830548  		928952
	
0.000  			0.500			1.200			105940  		105918  		14240  		57444  		830592  		928996
	
0.000  			0.500			1.200			105940  		105918  		14240  		57488  		830548  		928952
	
0.000  			0.500			1.200			105940  		105918  		14240  		57412  		830612  		929020
	
1.000  			0.500			1.200			105940  		105918  		14240  		57508  		830516  		928932
	
0.000  			0.500			1.200			105940  		105918  		14240  		57552  		830472  		928888
	
0.000  			0.500			1.200			105940  		105918  		14240  		57560  		830464  		928880
	
0.971  			0.500			1.200			105940  		105918  		14240  		57508  		830508  		928924
	
1.000  			0.500			1.200			105940  		105918  		14240  		57468  		830548  		928972
	
0.000  			0.500			1.200			105940  		105918  		14240  		57416  		830600  		929024
	
0.000  			0.500			1.200			105940  		105918  		14240  		57456  		830560  		928984
	
0.000  			0.500			1.200			105940  		105918  		14240  		57532  		830484  		928908
	
1.000  			0.400			1.200			105940  		105918  		14240  		57572  		830436  		928860
	
0.971  			0.500			1.200			105940  		105918  		14240  		57552  		830456  		928880
	
0.980  			0.500			1.200			105940  		105918  		14240  		57496  		830512  		928936
	
0.000  			0.500			1.200			105940  		105918  		14240  		57484  		830524  		928956
	
0.000  			0.500			1.200			105940  		105918  		14240  		57508  		830500  		928932
	
0.000  			0.500			1.200			105940  		105918  		14240  		57476  		830524  		928956
	
1.000  			0.500			1.200			105940  		105918  		14240  		57400  		830600  		929040
	
0.000  			0.500			1.200			105940  		105918  		14240  		57348  		830652  		929092
	
0.000  			0.500			1.200			105940  		105918  		14240  		57396  		830604  		929044
	
0.000  			0.500			1.200			105940  		105918  		14240  		57416  		830584  		929024
	
1.000  			0.500			1.200			105940  		105918  		14240  		57524  		830468  		928908
	
1.000  			0.500			1.200			105940  		105918  		14240  		57468  		830524  		928972
	
0.000  			0.500			1.200			105940  		105918  		14240  		57576  		830416  		928864
	
0.000  			0.500			1.200			105940  		105918  		14240  		57468  		830524  		928972
	
1.000  			0.500			1.200			105940  		105918  		14240  		57588  		830404  		928852
	
1.971  			0.500			1.200			105940  		105918  		14240  		57280  		830704  		929156
	
0.000  			0.500			1.200			105940  		105918  		14240  		57296  		830688  		929144
	
0.000  			0.500			1.200			105940  		105918  		14240  		57528  		830456  		928912
	
0.000  			0.500			1.200			105940  		105918  		14240  		57448  		830536  		928992
	
1.980  			0.500			1.200			105940  		105918  		14240  		57460  		830524  		928980
	
0.000  			0.500			1.200			105940  		105918  		14240  		57604  		830380  		928836
	
0.000  			0.500			1.200			105940  		105918  		14240  		57296  		830680  		929144
	
1.000  			0.500			1.200			105940  		105918  		14240  		57456  		830516  		928984
	
0.000  			0.500			1.200			105940  		105918  		14240  		57360  		830612  		929080
	
0.000  			0.500			1.200			105940  		105918  		14240  		57248  		830724  		929192
	
1.000  			0.500			1.200			105940  		105918  		14240  		57584  		830380  		928856
	
1.000  			0.500			1.200			105940  		105918  		14240  		57548  		830416  		928892
	
0.000  			0.500			1.200			105940  		105918  		14240  		57456  		830508  		928984
	
0.000  			0.500			1.200			105940  		105918  		14240  		57500  		830464  		928940
	
0.000  			0.500			1.200			105940  		105918  		14240  		57492  		830464  		928940
	
1.000  			0.400			1.200			105940  		105918  		14240  		57576  		830380  		928864
	
0.000  			0.500			1.200			105940  		105918  		14240  		57524  		830432  		928916
	
0.000  			0.500			1.200			105940  		105918  		14240  		57400  		830556  		929040
	
1.000  			0.500			1.200			105940  		105918  		14240  		57532  		830424  		928908
	
1.000  			0.400			1.200			105940  		105918  		14240  		57516  		830432  		928924
	
1.000  			0.400			1.200			105940  		105918  		14240  		57316  		830632  		929124
	
0.000  			0.500			1.200			105940  		105918  		14240  		57252  		830696  		929188
	
0.980  			0.500			1.200			105940  		105918  		14240  		57200  		830748  		929240
	
0.971  			0.400			1.200			105940  		105918  		14240  		57388  		830560  		929052
	
0.000  			0.500			1.200			105940  		105918  		14240  		57336  		830604  		929104
	
0.000  			0.500			1.200			105940  		105918  		14240  		57304  		830636  		929136
	
0.000  			0.500			1.200			105940  		105918  		14240  		57284  		830656  		929156
	
0.971  			0.400			1.200			105940  		105918  		14240  		57296  		830644  		929144
	
0.000  			0.400			1.200			105940  		105918  		14240  		57540  		830400  		928900
	
