CPUProc			CPU  			MEM  			VSZ  		DRS  		RSS  		USED  		FREE  		AVAILABLE	
0.000  			0.000			0.900			31068  		31046  		10900  		57820  		829060  		928620
	
8.902  			2.000			0.900			31068  		31046  		10900  		58036  		828852  		928404
	
0.971  			3.500			1.200			104916  		104894  		14080  		58232  		828656  		928208
	
1.000  			2.900			1.200			104916  		104894  		14224  		57784  		829104  		928656
	
0.980  			2.600			1.200			104916  		104894  		14224  		57884  		829004  		928556
	
2.000  			2.000			1.200			104916  		104894  		14224  		57752  		829136  		928688
	
1.971  			2.200			1.200			104916  		104894  		14224  		57900  		828988  		928540
	
0.971  			2.300			1.200			104916  		104894  		14224  		57832  		829048  		928608
	
1.971  			1.900			1.200			104916  		104894  		14224  		57748  		829132  		928692
	
2.000  			1.900			1.200			104916  		104894  		14224  		57808  		829072  		928632
	
0.980  			1.800			1.200			104916  		104894  		14224  		57772  		829100  		928668
	
0.971  			1.900			1.200			104916  		104894  		14224  		57900  		828972  		928540
	
1.971  			1.900			1.200			104916  		104894  		14224  		57916  		828956  		928524
	
1.000  			1.800			1.200			104916  		104894  		14224  		57788  		829084  		928652
	
1.000  			1.900			1.200			104916  		104894  		14224  		58112  		828756  		928328
	
1.980  			1.900			1.200			104916  		104894  		14224  		57576  		829288  		928864
	
0.971  			1.800			1.200			104916  		104894  		14224  		57840  		829024  		928600
	
1.000  			1.700			1.200			104916  		104894  		14224  		57804  		829060  		928636
	
1.000  			1.700			1.200			104916  		104894  		14224  		57800  		829064  		928640
	
1.971  			1.800			1.200			104916  		104894  		14224  		57636  		829228  		928804
	
1.971  			1.700			1.200			104916  		104894  		14224  		57996  		828860  		928444
	
2.000  			1.700			1.200			104916  		104894  		14224  		57760  		829096  		928680
	
0.971  			1.700			1.200			104916  		104894  		14224  		57676  		829180  		928764
	
2.000  			1.700			1.200			104916  		104894  		14224  		57796  		829056  		928644
	
3.942  			1.700			1.200			104916  		104894  		14224  		57960  		828888  		928480
	
0.971  			1.700			1.200			105940  		105918  		14224  		57876  		828972  		928564
	
0.000  			1.700			1.200			105940  		105918  		14236  		57884  		828964  		928556
	
0.000  			1.600			1.200			105940  		105918  		14236  		57728  		829120  		928712
	
1.971  			1.600			1.200			105940  		105918  		14236  		57880  		828968  		928560
	
1.000  			1.600			1.200			105940  		105918  		14236  		57860  		828980  		928580
	
2.000  			1.700			1.200			105940  		105918  		14236  		57820  		829020  		928620
	
2.000  			1.700			1.200			105940  		105918  		14236  		57876  		828964  		928564
	
1.000  			1.600			1.200			105940  		105918  		14236  		57876  		828964  		928564
	
2.971  			1.600			1.200			105940  		105918  		14240  		57848  		828992  		928592
	
2.000  			1.600			1.200			105940  		105918  		14240  		57960  		828872  		928480
	
0.980  			1.600			1.200			105940  		105918  		14240  		57984  		828848  		928456
	
1.971  			1.600			1.200			105940  		105918  		14240  		57952  		828880  		928488
	
1.000  			1.600			1.200			105940  		105918  		14240  		57712  		829112  		928728
	
1.962  			1.600			1.200			105940  		105918  		14240  		57740  		829084  		928700
	
2.000  			1.600			1.200			105940  		105918  		14240  		57812  		829004  		928628
	
0.971  			1.600			1.200			105940  		105918  		14240  		57876  		828940  		928564
	
0.971  			1.500			1.200			105940  		105918  		14240  		57844  		828956  		928596
	
1.000  			1.600			1.200			105940  		105918  		14240  		57976  		828816  		928464
	
1.971  			1.600			1.200			105940  		105918  		14240  		57960  		828832  		928480
	
2.000  			1.500			1.200			105940  		105918  		14240  		57940  		828852  		928500
	
1.942  			1.600			1.200			105940  		105918  		14240  		57716  		829076  		928724
	
3.000  			1.600			1.200			105940  		105918  		14240  		57996  		828788  		928444
	
1.000  			1.500			1.200			105940  		105918  		14240  		57920  		828864  		928520
	
2.000  			1.600			1.200			105940  		105918  		14240  		58092  		828684  		928348
	
2.000  			1.600			1.200			105940  		105918  		14240  		58080  		828684  		928360
	
2.942  			1.600			1.200			105940  		105918  		14240  		58244  		828512  		928192
	
2.971  			1.500			1.200			105940  		105918  		14240  		58108  		828648  		928328
	
1.000  			1.600			1.200			105940  		105918  		14240  		58236  		828520  		928204
	
2.942  			1.500			1.200			105940  		105918  		14240  		58216  		828540  		928224
	
2.000  			1.500			1.200			105940  		105918  		14240  		58328  		828428  		928112
	
1.000  			1.500			1.200			105940  		105918  		14240  		58008  		828724  		928432
	
1.971  			1.500			1.200			105940  		105918  		14240  		58164  		828568  		928276
	
1.980  			1.500			1.200			105940  		105918  		14240  		58320  		828412  		928120
	
1.971  			1.600			1.200			105940  		105918  		14240  		58228  		828504  		928212
	
0.000  			1.500			1.200			105940  		105918  		14240  		58220  		828500  		928220
	
1.000  			1.600			1.200			105940  		105918  		14240  		58472  		828248  		927968
	
2.971  			1.500			1.200			105940  		105918  		14240  		58424  		828296  		928016
	
1.942  			1.500			1.200			105940  		105918  		14240  		58300  		828404  		928140
	
2.971  			1.500			1.200			105940  		105918  		14240  		58272  		828432  		928168
	
0.971  			1.600			1.200			105940  		105918  		14240  		58364  		828332  		928076
	
0.971  			1.500			1.200			106072  		106050  		14240  		58356  		828340  		928084
	
2.980  			1.500			1.200			106204  		106182  		14240  		58424  		828272  		928016
	
2.000  			1.500			1.200			106204  		106182  		14240  		58516  		828172  		927924
	
2.000  			1.500			1.200			106204  		106182  		14240  		58504  		828176  		927936
	
1.000  			1.500			1.200			106204  		106182  		14240  		58408  		828272  		928032
	
2.971  			1.500			1.200			106204  		106182  		14240  		58548  		828132  		927892
	
1.980  			1.500			1.200			106204  		106182  		14240  		58456  		828216  		927984
	
1.980  			1.500			1.200			106204  		106182  		14240  		58480  		828184  		927960
	
1.000  			1.600			1.200			106204  		106182  		14240  		58412  		828252  		928028
	
2.942  			1.500			1.200			106204  		106182  		14240  		58456  		828208  		927984
	
1.000  			1.500			1.200			106204  		106182  		14240  		58584  		828080  		927856
	
3.980  			1.500			1.200			106204  		106182  		14240  		58408  		828264  		928032
	
1.971  			1.500			1.200			106204  		106182  		14240  		58448  		828216  		927992
	
1.000  			1.500			1.200			106204  		106182  		14240  		58504  		828160  		927936
	
2.000  			1.500			1.200			106204  		106182  		14240  		58532  		828132  		927908
	
2.942  			1.500			1.200			106204  		106182  		14240  		58532  		828132  		927908
	
0.971  			1.500			1.200			106204  		106182  		14240  		58420  		828244  		928020
	
2.971  			1.500			1.200			106204  		106182  		14240  		58624  		828032  		927816
	
2.000  			1.500			1.200			106204  		106182  		14240  		58464  		828192  		927976
	
0.971  			1.500			1.200			106204  		106182  		14240  		58524  		828132  		927916
	
1.980  			1.500			1.200			106204  		106182  		14240  		58656  		828000  		927784
	
1.000  			1.500			1.200			106204  		106182  		14240  		58376  		828272  		928060
	
0.971  			1.500			1.200			106204  		106182  		14240  		58572  		828076  		927868
	
2.971  			1.500			1.200			106204  		106182  		14240  		58476  		828172  		927964
	
2.000  			1.500			1.200			106204  		106182  		14240  		58496  		828136  		927944
	
1.000  			1.500			1.200			106204  		106182  		14240  		58632  		827992  		927808
	
2.000  			1.500			1.200			106204  		106182  		14240  		58644  		827980  		927796
	
2.000  			1.500			1.200			106204  		106182  		14240  		58620  		827996  		927820
	
1.000  			1.500			1.200			106204  		106182  		14240  		58772  		827844  		927668
	
2.942  			1.500			1.200			106204  		106182  		14240  		58524  		828092  		927916
	
1.000  			1.500			1.200			106204  		106182  		14240  		58488  		828120  		927952
	
2.980  			1.500			1.200			106204  		106182  		14240  		58736  		827864  		927696
	
1.000  			1.500			1.200			106204  		106182  		14240  		58840  		827760  		927600
	
1.000  			1.500			1.200			106204  		106182  		14240  		58712  		827876  		927724
	
3.000  			1.500			1.200			106204  		106182  		14240  		58640  		827948  		927800
	
1.000  			1.500			1.200			106204  		106182  		14240  		58728  		827860  		927712
	
1.980  			1.500			1.200			106204  		106182  		14240  		58696  		827884  		927744
	
0.971  			1.500			1.200			106204  		106182  		14240  		58684  		827896  		927756
	
0.971  			1.500			1.200			106204  		106182  		14240  		58696  		827876  		927744
	
1.000  			1.500			1.200			106204  		106182  		14240  		58816  		827756  		927624
	
1.000  			1.500			1.200			106204  		106182  		14240  		58712  		827836  		927728
	
2.942  			1.500			1.200			106204  		106182  		14240  		58712  		827836  		927728
	
0.000  			1.500			1.200			106204  		106182  		14240  		58876  		827672  		927564
	
2.000  			1.500			1.300			106204  		106182  		14468  		58936  		827612  		927504
	
2.000  			1.500			1.400			106204  		106182  		14696  		59048  		827492  		927392
	
1.000  			1.500			1.400			106204  		106182  		14696  		58944  		827596  		927496
	
1.971  			1.500			1.400			106204  		106182  		14696  		58908  		827624  		927532
	
0.971  			1.500			1.400			106204  		106182  		14696  		58840  		827684  		927600
	
1.980  			1.500			1.400			106204  		106182  		14696  		58932  		827592  		927508
	
2.000  			1.500			1.400			106204  		106182  		14696  		58776  		827748  		927664
	
1.000  			1.500			1.400			106204  		106182  		14696  		59132  		827384  		927308
	
1.961  			1.500			1.400			106204  		106182  		14696  		58708  		827808  		927732
	
1.000  			1.500			1.400			106204  		106182  		14696  		58868  		827640  		927572
	
1.971  			1.500			1.400			106204  		106182  		14696  		58816  		827684  		927616
	
1.000  			1.500			1.400			106204  		106182  		14696  		59184  		827308  		927256
	
