CPUProc			CPU  			MEM  			VSZ  		DRS  		RSS  		USED  		FREE  		AVAILABLE	
0.971  			15.800			0.800			80016  		78395  		9348  		62296  		817008  		924140
	
1.000  			13.700			0.800			80016  		78395  		9348  		62332  		816972  		924108
	
1.000  			10.600			0.800			80016  		78395  		9348  		62512  		816792  		923928
	
0.971  			9.500			0.800			80016  		78395  		9348  		62496  		816808  		923944
	
1.000  			7.900			0.800			80016  		78395  		9348  		62512  		816792  		923928
	
1.962  			7.500			0.800			80016  		78395  		9348  		62416  		816888  		924024
	
1.971  			6.500			0.800			80016  		78395  		9348  		62480  		816816  		923960
	
0.971  			6.300			0.800			80016  		78395  		9348  		62468  		816828  		923972
	
1.000  			6.100			0.800			80016  		78395  		9348  		62540  		816756  		923900
	
2.923  			5.400			0.800			80016  		78395  		9348  		62468  		816820  		923972
	
1.971  			5.300			0.800			80016  		78395  		9348  		62456  		816832  		923984
	
2.000  			4.800			0.800			80016  		78395  		9348  		62416  		816872  		924024
	
1.962  			4.700			0.800			80016  		78395  		9348  		62556  		816732  		923884
	
1.971  			4.500			0.800			80016  		78395  		9348  		62328  		816952  		924104
	
0.000  			4.400			0.800			80016  		78395  		9348  		62284  		816996  		924156
	
1.962  			4.300			0.800			80016  		78395  		9348  		62308  		816972  		924132
	
1.000  			4.100			0.800			80016  		78395  		9348  		62508  		816772  		923932
	
1.971  			4.000			0.800			80016  		78395  		9348  		62412  		816868  		924028
	
0.000  			3.700			0.800			80016  		78395  		9348  		62396  		816876  		924044
	
0.962  			3.700			0.800			80016  		78395  		9348  		62468  		816804  		923972
	
1.000  			3.600			0.800			80016  		78395  		9348  		62516  		816756  		923924
	
1.000  			3.500			0.800			80016  		78395  		9348  		62384  		816888  		924056
	
1.000  			3.500			0.800			80016  		78395  		9348  		62364  		816900  		924068
	
1.971  			3.400			0.800			80016  		78395  		9348  		62548  		816708  		923892
	
2.942  			3.300			0.800			80016  		78395  		9348  		62412  		816844  		924028
	
2.962  			3.100			0.800			80016  		78395  		9348  		62352  		816904  		924088
	
0.971  			3.100			0.800			80016  		78395  		9348  		62492  		816764  		923948
	
1.971  			3.000			0.800			80016  		78395  		9348  		62144  		817104  		924288
	
1.962  			3.000			0.800			80016  		78395  		9348  		62380  		816868  		924060
	
1.000  			3.000			0.800			80016  		78395  		9348  		62560  		816688  		923880
	
0.971  			3.000			0.800			80016  		78395  		9348  		62428  		816820  		924012
	
1.942  			2.900			0.800			80016  		78395  		9348  		62440  		816800  		924000
	
1.962  			2.800			0.800			80016  		78395  		9348  		62480  		816760  		923960
	
1.962  			2.800			0.800			80016  		78395  		9348  		62552  		816688  		923888
	
1.971  			2.700			0.800			80016  		78395  		9348  		62476  		816764  		923964
	
2.923  			2.700			0.800			80016  		78395  		9348  		62844  		816396  		923596
	
1.000  			2.800			0.800			80016  		78395  		9348  		62572  		816660  		923868
	
1.971  			2.700			0.800			80016  		78395  		9348  		62172  		817060  		924268
	
0.971  			2.700			0.800			80016  		78395  		9348  		62424  		816808  		924016
	
1.962  			2.600			0.800			80016  		78395  		9348  		62312  		816912  		924128
	
0.000  			2.600			0.800			80016  		78395  		9348  		62520  		816704  		923920
	
2.971  			2.500			0.800			80016  		78395  		9348  		62376  		816848  		924064
	
3.000  			2.600			0.800			80016  		78395  		9348  		62488  		816736  		923952
	
1.971  			2.600			0.800			80016  		78395  		9348  		62432  		816784  		924004
	
2.000  			2.600			0.800			80016  		78395  		9348  		62380  		816836  		924056
	
2.000  			2.600			0.800			80016  		78395  		9348  		62424  		816792  		924016
	
2.962  			2.500			0.800			80016  		78395  		9348  		62252  		816964  		924188
	
2.971  			2.500			0.800			80016  		78395  		9348  		62324  		816892  		924116
	
0.971  			2.600			0.800			80016  		78395  		9348  		62644  		816564  		923796
	
2.000  			2.500			0.800			80016  		78395  		9348  		62296  		816912  		924144
	
1.000  			2.500			0.800			80016  		78395  		9348  		62368  		816840  		924072
	
1.000  			2.500			0.800			80016  		78395  		9348  		62340  		816868  		924100
	
1.971  			2.500			0.800			80016  		78395  		9348  		62224  		816972  		924216
	
2.942  			2.400			0.800			80016  		78395  		9348  		62516  		816680  		923924
	
0.962  			2.400			0.800			80016  		78395  		9348  		62564  		816632  		923876
	
1.000  			2.400			0.800			80016  		78395  		9348  		62472  		816724  		923968
	
1.971  			2.400			0.800			80016  		78395  		9348  		62116  		817080  		924324
	
1.000  			2.400			0.800			80016  		78395  		9348  		62356  		816832  		924084
	
1.942  			2.400			0.800			80016  		78395  		9348  		62428  		816760  		924012
	
1.971  			2.400			0.800			80016  		78395  		9348  		62408  		816780  		924032
	
2.971  			2.300			0.800			80016  		78395  		9348  		62348  		816832  		924092
	
0.962  			2.300			0.800			80016  		78395  		9348  		62432  		816748  		924008
	
0.000  			2.300			0.800			80016  		78395  		9348  		62516  		816664  		923924
	
1.971  			2.300			0.800			80016  		78395  		9348  		62216  		816964  		924224
	
1.000  			2.300			0.800			80016  		78395  		9348  		62492  		816680  		923948
	
2.000  			2.300			0.800			80016  		78395  		9348  		62500  		816672  		923940
	
1.971  			2.300			0.800			80016  		78395  		9348  		62492  		816680  		923948
	
2.885  			2.300			0.800			80016  		78395  		9348  		62436  		816736  		924004
	
2.942  			2.300			0.800			80016  		78395  		9348  		62432  		816740  		924008
	
2.000  			2.200			0.800			80016  		78395  		9348  		62544  		816620  		923896
	
0.000  			2.300			0.800			80016  		78395  		9348  		62352  		816812  		924088
	
1.942  			2.300			0.800			80016  		78395  		9348  		62500  		816664  		923940
	
0.971  			2.200			0.800			80016  		78395  		9348  		62404  		816760  		924036
	
1.962  			2.200			0.800			80016  		78395  		9348  		62460  		816696  		923980
	
1.942  			2.200			0.800			80016  		78395  		9348  		62432  		816724  		924008
	
1.962  			2.200			0.800			80016  		78395  		9348  		62336  		816820  		924104
	
0.962  			2.200			0.800			80016  		78395  		9348  		62692  		816452  		923748
	
1.971  			2.200			0.800			80016  		78395  		9348  		62664  		816480  		923776
	
2.962  			2.200			0.800			80016  		78395  		9348  		62552  		816592  		923888
	
1.000  			2.200			0.800			80016  		78395  		9348  		62456  		816688  		923984
	
0.000  			2.200			0.800			80016  		78395  		9348  		62512  		816624  		923928
	
0.000  			2.100			0.800			80016  		78395  		9348  		62544  		816592  		923896
	
2.000  			2.100			0.800			80016  		78395  		9348  		62508  		816628  		923932
	
2.000  			2.100			0.800			80016  		78395  		9348  		62724  		816412  		923716
	
1.000  			2.100			0.800			80016  		78395  		9348  		62536  		816592  		923904
	
1.000  			2.100			0.800			80016  		78395  		9348  		62476  		816652  		923964
	
2.000  			2.100			0.800			80016  		78395  		9348  		62404  		816724  		924036
	
2.000  			2.100			0.800			80016  		78395  		9348  		62464  		816664  		923976
	
1.971  			2.100			0.800			80016  		78395  		9348  		62628  		816492  		923804
	
1.962  			2.100			0.800			80016  		78395  		9348  		62548  		816572  		923892
	
1.000  			2.100			0.800			80016  		78395  		9348  		62724  		816396  		923716
	
1.000  			2.000			0.800			80016  		78395  		9348  		62724  		816396  		923716
	
0.971  			2.000			0.800			80016  		78395  		9348  		62288  		816824  		924144
	
0.000  			2.000			0.800			80016  		78395  		9348  		62436  		816676  		924004
	
0.971  			2.000			0.800			80016  		78395  		9348  		62476  		816636  		923964
	
0.000  			2.000			0.800			80016  		78395  		9348  		62580  		816532  		923860
	
1.000  			2.000			0.800			80016  		78395  		9348  		62664  		816448  		923776
	
0.971  			2.000			0.800			80016  		78395  		9348  		62716  		816388  		923724
	
1.000  			2.000			0.800			80016  		78395  		9348  		62588  		816516  		923852
	
2.000  			2.000			0.800			80016  		78395  		9348  		62368  		816736  		924072
	
2.000  			1.900			0.800			80016  		78395  		9348  		62564  		816540  		923876
	
2.000  			1.900			0.800			80016  		78395  		9348  		62644  		816460  		923796
	
2.971  			1.800			0.800			80016  		78395  		9348  		62480  		816620  		923956
	
2.000  			1.900			0.800			80016  		78395  		9348  		62708  		816384  		923732
	
1.000  			1.900			0.800			80016  		78395  		9348  		62620  		816472  		923820
	
1.000  			1.900			0.800			80016  		78395  		9348  		62496  		816596  		923944
	
1.000  			1.900			0.800			80016  		78395  		9348  		62664  		816420  		923776
	
0.000  			1.900			0.800			80016  		78395  		9348  		62512  		816572  		923928
	
1.000  			1.900			0.800			80016  		78395  		9348  		62388  		816696  		924052
	
0.000  			1.800			0.800			80016  		78395  		9348  		62612  		816472  		923828
	
0.000  			1.800			0.800			80016  		78395  		9348  		62320  		816764  		924120
	
0.962  			1.800			0.800			80016  		78395  		9348  		62412  		816664  		924028
	
0.000  			1.700			0.800			80016  		78395  		9348  		62548  		816528  		923892
	
0.962  			1.700			0.800			80016  		78395  		9348  		62436  		816640  		924004
	
1.000  			1.700			0.800			80016  		78395  		9348  		62584  		816492  		923856
	
0.000  			1.700			0.800			80016  		78395  		9348  		62524  		816552  		923916
	
0.000  			1.700			0.800			80016  		78395  		9348  		62584  		816484  		923856
	
1.971  			1.700			0.800			80016  		78395  		9348  		62556  		816512  		923884
	
0.000  			1.700			0.800			80016  		78395  		9348  		62692  		816376  		923748
	
0.971  			1.700			0.800			80016  		78395  		9348  		62572  		816496  		923868
	
