CPUProc			CPU  			MEM  			VSZ  		DRS  		RSS  		USED  		FREE  		AVAILABLE	
1.000  			15.600			0.700			80056  		78435  		8788  		61936  		818796  		924504
	
2.000  			11.200			0.700			80056  		78435  		8788  		62196  		818536  		924244
	
2.962  			10.200			0.700			80056  		78435  		8788  		62168  		818564  		924272
	
1.000  			9.500			0.700			80056  		78435  		8788  		62240  		818492  		924200
	
2.000  			7.800			0.700			80056  		78435  		8788  		62244  		818488  		924196
	
0.000  			7.300			0.700			80056  		78435  		8788  		62432  		818292  		924008
	
0.000  			6.300			0.700			80056  		78435  		8788  		62508  		818216  		923932
	
0.962  			6.000			0.700			80056  		78435  		8788  		62128  		818596  		924312
	
1.000  			5.400			0.700			80056  		78435  		8788  		62256  		818468  		924184
	
1.000  			5.100			0.700			80056  		78435  		8788  		62056  		818668  		924384
	
1.000  			4.900			0.700			80056  		78435  		8788  		62044  		818672  		924396
	
1.971  			4.500			0.700			80056  		78435  		8788  		62128  		818588  		924312
	
1.000  			4.300			0.700			80056  		78435  		8788  		61976  		818740  		924464
	
1.000  			4.000			0.700			80056  		78435  		8788  		62240  		818468  		924200
	
1.962  			3.900			0.700			80056  		78435  		8788  		62308  		818400  		924132
	
1.000  			3.800			0.700			80056  		78435  		8788  		62120  		818588  		924320
	
1.000  			3.600			0.700			80056  		78435  		8788  		62276  		818432  		924164
	
0.000  			3.500			0.700			80056  		78435  		8788  		62084  		818616  		924356
	
1.000  			3.300			0.700			80056  		78435  		8788  		62352  		818348  		924088
	
0.971  			3.300			0.700			80056  		78435  		8788  		61952  		818748  		924488
	
1.962  			3.100			0.700			80056  		78435  		8788  		61820  		818880  		924620
	
1.000  			3.000			0.700			80056  		78435  		8788  		62292  		818400  		924148
	
0.000  			3.000			0.700			80056  		78435  		8788  		62268  		818424  		924172
	
1.942  			2.900			0.700			80056  		78435  		8788  		61988  		818704  		924452
	
1.000  			2.800			0.700			80056  		78435  		8788  		62052  		818640  		924388
	
0.000  			2.700			0.700			80056  		78435  		8788  		62156  		818528  		924284
	
0.971  			2.700			0.700			80056  		78435  		8788  		62128  		818556  		924312
	
0.971  			2.600			0.700			80056  		78435  		8788  		62276  		818408  		924164
	
0.971  			2.600			0.700			80056  		78435  		8788  		62016  		818668  		924424
	
0.971  			2.500			0.700			80056  		78435  		8788  		61908  		818760  		924532
	
1.000  			2.400			0.700			80056  		78435  		8788  		62232  		818436  		924208
	
0.000  			2.400			0.700			80056  		78435  		8788  		62044  		818624  		924396
	
0.000  			2.300			0.700			80056  		78435  		8788  		62044  		818624  		924396
	
1.971  			2.300			0.700			80056  		78435  		8788  		62004  		818656  		924436
	
1.000  			2.300			0.700			80056  		78435  		8788  		62016  		818644  		924424
	
0.971  			2.200			0.700			80056  		78435  		8788  		62076  		818584  		924364
	
0.000  			2.200			0.700			80056  		78435  		8788  		62124  		818536  		924316
	
0.000  			2.200			0.700			80056  		78435  		8788  		61956  		818704  		924484
	
2.923  			2.200			0.700			80056  		78435  		8788  		62020  		818632  		924420
	
1.000  			2.100			0.700			80056  		78435  		8788  		62128  		818524  		924312
	
0.971  			2.100			0.700			80056  		78435  		8788  		62276  		818376  		924164
	
0.971  			2.000			0.700			80056  		78435  		8788  		62116  		818528  		924324
	
1.000  			2.000			0.700			80056  		78435  		8788  		62136  		818508  		924304
	
1.962  			2.000			0.700			80056  		78435  		8788  		62132  		818512  		924308
	
1.000  			2.000			0.700			80056  		78435  		8788  		61808  		818836  		924632
	
2.962  			2.000			0.700			80056  		78435  		8788  		62436  		818200  		923996
	
2.971  			2.000			0.700			80056  		78435  		8788  		62296  		818340  		924144
	
1.000  			2.000			0.700			80056  		78435  		8788  		62336  		818300  		924104
	
0.962  			1.900			0.700			80056  		78435  		8788  		62320  		818316  		924120
	
2.971  			1.900			0.700			80056  		78435  		8788  		62488  		818148  		923952
	
3.000  			1.900			0.700			80056  		78435  		8788  		62416  		818212  		924024
	
1.000  			1.900			0.700			80056  		78435  		8788  		62488  		818148  		923952
	
1.971  			1.900			0.700			80056  		78435  		8788  		62364  		818268  		924076
	
1.971  			1.900			0.700			80056  		78435  		8788  		62444  		818188  		923996
	
1.000  			1.900			0.700			80056  		78435  		8788  		62448  		818184  		923992
	
1.971  			1.900			0.700			80056  		78435  		8788  		62448  		818176  		923992
	
1.000  			1.800			0.700			80056  		78435  		8788  		62552  		818072  		923888
	
1.962  			1.800			0.700			80056  		78435  		8788  		62408  		818216  		924032
	
0.000  			1.800			0.700			80056  		78435  		8788  		62460  		818164  		923980
	
0.971  			1.800			0.700			80056  		78435  		8788  		61984  		818632  		924456
	
1.000  			1.800			0.700			80056  		78435  		8788  		62376  		818240  		924064
	
0.000  			1.800			0.700			80056  		78435  		8788  		62300  		818316  		924140
	
1.000  			1.700			0.700			80056  		78435  		8788  		62428  		818188  		924012
	
0.000  			1.700			0.700			80056  		78435  		8788  		62236  		818372  		924204
	
1.971  			1.700			0.700			80056  		78435  		8788  		62368  		818240  		924072
	
1.000  			1.700			0.700			80056  		78435  		8788  		62328  		818280  		924112
	
1.000  			1.700			0.700			80056  		78435  		8788  		62340  		818268  		924100
	
1.962  			1.700			0.700			80056  		78435  		8788  		62368  		818232  		924064
	
1.000  			1.700			0.700			80056  		78435  		8788  		62236  		818364  		924204
	
1.000  			1.700			0.700			80056  		78435  		8788  		62452  		818148  		923988
	
0.000  			1.700			0.700			80056  		78435  		8788  		62092  		818508  		924348
	
1.962  			1.600			0.700			80056  		78435  		8788  		62396  		818196  		924036
	
0.971  			1.600			0.700			80056  		78435  		8788  		62444  		818148  		923996
	
1.971  			1.600			0.700			80056  		78435  		8788  		62368  		818224  		924072
	
1.962  			1.600			0.700			80056  		78435  		8788  		62060  		818532  		924380
	
0.000  			1.600			0.700			80056  		78435  		8788  		62308  		818284  		924132
	
1.000  			1.600			0.700			80056  		78435  		8788  		62276  		818312  		924160
	
2.942  			1.600			0.700			80056  		78435  		8788  		62360  		818224  		924080
	
1.000  			1.600			0.700			80056  		78435  		8788  		62292  		818292  		924148
	
1.000  			1.600			0.700			80056  		78435  		8788  		62412  		818172  		924028
	
0.000  			1.600			0.700			80056  		78435  		8788  		62272  		818304  		924160
	
0.962  			1.600			0.700			80056  		78435  		8788  		62252  		818316  		924188
	
0.971  			1.500			0.700			80056  		78435  		8788  		62232  		818336  		924208
	
0.971  			1.500			0.700			80056  		78435  		8788  		62168  		818400  		924272
	
0.000  			1.500			0.700			80056  		78435  		8788  		62008  		818560  		924432
	
1.000  			1.500			0.700			80056  		78435  		8788  		62288  		818272  		924148
	
1.971  			1.500			0.700			80056  		78435  		8788  		62092  		818468  		924348
	
0.000  			1.500			0.700			80056  		78435  		8788  		62420  		818140  		924020
	
0.000  			1.500			0.700			80056  		78435  		8788  		62560  		818000  		923880
	
1.971  			1.500			0.700			80056  		78435  		8788  		62352  		818200  		924088
	
1.971  			1.500			0.700			80056  		78435  		8788  		62376  		818176  		924064
	
0.971  			1.500			0.700			80056  		78435  		8788  		62344  		818200  		924096
	
1.923  			1.500			0.700			80056  		78435  		8788  		62056  		818488  		924384
	
1.000  			1.500			0.700			80056  		78435  		8788  		62184  		818360  		924256
	
0.000  			1.500			0.700			80056  		78435  		8788  		62268  		818276  		924172
	
0.000  			1.400			0.700			80056  		78435  		8788  		62196  		818348  		924244
	
1.971  			1.400			0.700			80056  		78435  		8788  		62304  		818232  		924136
	
0.000  			1.400			0.700			80056  		78435  		8788  		62136  		818392  		924304
	
0.971  			1.400			0.700			80056  		78435  		8788  		61960  		818568  		924480
	
1.000  			1.400			0.700			80056  		78435  		8788  		62124  		818396  		924308
	
1.971  			1.400			0.700			80056  		78435  		8788  		62236  		818284  		924204
	
0.962  			1.400			0.700			80056  		78435  		8788  		62216  		818304  		924224
	
1.962  			1.400			0.700			80056  		78435  		8788  		62148  		818372  		924292
	
1.000  			1.400			0.700			80056  		78435  		8788  		62088  		818428  		924352
	
0.971  			1.400			0.700			80056  		78435  		8788  		62096  		818412  		924336
	
0.000  			1.400			0.700			80056  		78435  		8788  		62400  		818108  		924040
	
1.000  			1.400			0.700			80056  		78435  		8788  		62364  		818144  		924076
	
0.000  			1.400			0.700			80056  		78435  		8788  		62084  		818424  		924356
	
1.000  			1.400			0.700			80056  		78435  		8788  		62172  		818336  		924268
	
1.971  			1.400			0.700			80056  		78435  		8788  		62196  		818312  		924244
	
1.962  			1.400			0.700			80056  		78435  		8788  		62252  		818248  		924188
	
0.962  			1.400			0.700			80056  		78435  		8788  		62308  		818192  		924132
	
1.000  			1.400			0.700			80056  		78435  		8788  		62204  		818296  		924236
	
1.971  			1.400			0.700			80056  		78435  		8788  		62248  		818244  		924184
	
1.000  			1.400			0.700			80056  		78435  		8788  		62352  		818140  		924088
	
1.962  			1.400			0.700			80056  		78435  		8788  		62224  		818260  		924216
	
1.000  			1.400			0.700			80056  		78435  		8788  		62296  		818188  		924144
	
1.000  			1.400			0.700			80056  		78435  		8788  		62252  		818224  		924188
	
1.000  			1.400			0.700			80056  		78435  		8788  		62032  		818444  		924408
	
1.942  			1.400			0.700			80056  		78435  		8788  		62500  		817976  		923940
	
