CPUProc			CPU  			MEM  			VSZ  		DRS  		RSS  		USED  		FREE  		AVAILABLE	
1.000  			13.500			0.700			78988  		77367  		8512  		62224  		817576  		924216
	
1.000  			12.000			0.700			78988  		77367  		8512  		62104  		817696  		924336
	
2.962  			10.700			0.700			78988  		77367  		8512  		62032  		817768  		924408
	
2.971  			9.000			0.700			78988  		77367  		8512  		62120  		817672  		924320
	
1.962  			8.400			0.700			78988  		77367  		8512  		62152  		817640  		924288
	
2.962  			7.400			0.700			78988  		77367  		8512  		61944  		817848  		924496
	
2.971  			7.100			0.700			78988  		77367  		8512  		62100  		817692  		924340
	
4.913  			6.500			0.700			78988  		77367  		8512  		61908  		817876  		924532
	
2.923  			6.300			0.700			78988  		77367  		8512  		62036  		817748  		924404
	
3.923  			6.200			0.700			78988  		77367  		8512  		62180  		817604  		924260
	
2.000  			5.800			0.700			78988  		77367  		8740  		61984  		817800  		924456
	
2.971  			5.700			0.700			78988  		77367  		8740  		61936  		817848  		924504
	
1.962  			5.300			0.700			78988  		77367  		8740  		62052  		817732  		924388
	
2.971  			5.200			0.700			78988  		77367  		8740  		62084  		817692  		924356
	
3.000  			5.000			0.700			78988  		77367  		8740  		62008  		817768  		924432
	
2.962  			4.900			0.700			78988  		77367  		8740  		62124  		817652  		924316
	
2.000  			4.800			0.700			78988  		77367  		8740  		62216  		817552  		924216
	
2.971  			4.600			0.700			78988  		77367  		8740  		62068  		817700  		924364
	
1.962  			4.600			0.700			78988  		77367  		8740  		62068  		817700  		924372
	
2.923  			4.400			0.700			78988  		77367  		8740  		61920  		817848  		924520
	
5.883  			4.400			0.700			78988  		77367  		8740  		61912  		817856  		924528
	
2.971  			4.200			0.700			78988  		77367  		8740  		62152  		817608  		924288
	
1.962  			4.200			0.700			78988  		77367  		8740  		62108  		817652  		924332
	
2.971  			4.200			0.700			78988  		77367  		8740  		62100  		817660  		924340
	
1.971  			4.100			0.700			78988  		77367  		8740  		61948  		817812  		924492
	
2.923  			4.000			0.700			78988  		77367  		8740  		61964  		817788  		924476
	
2.942  			4.000			0.700			78988  		77367  		8740  		62104  		817648  		924336
	
3.942  			4.000			0.700			78988  		77367  		8740  		62156  		817596  		924284
	
1.000  			3.900			0.700			78988  		77367  		8740  		61888  		817864  		924552
	
1.000  			3.800			0.700			78988  		77367  		8740  		62112  		817640  		924328
	
2.000  			3.800			0.700			78988  		77367  		8740  		62000  		817736  		924440
	
1.000  			3.800			0.700			78988  		77367  		8740  		61832  		817904  		924608
	
2.971  			3.800			0.700			78988  		77367  		8740  		62144  		817592  		924296
	
3.923  			3.700			0.700			78988  		77367  		8740  		62140  		817588  		924292
	
1.971  			3.700			0.700			78988  		77367  		8740  		62104  		817624  		924336
	
1.962  			3.600			0.700			78988  		77367  		8740  		62128  		817600  		924312
	
0.962  			3.600			0.700			78988  		77367  		8740  		61860  		817868  		924580
	
2.971  			3.600			0.700			78988  		77367  		8740  		62212  		817508  		924220
	
1.962  			3.500			0.700			78988  		77367  		8740  		62464  		817256  		923976
	
1.923  			3.500			0.700			78988  		77367  		8740  		62092  		817628  		924348
	
1.971  			3.400			0.700			78988  		77367  		8740  		62196  		817524  		924244
	
2.942  			3.400			0.700			78988  		77367  		8740  		62368  		817352  		924072
	
1.971  			3.400			0.700			78988  		77367  		8740  		62472  		817240  		923968
	
1.923  			3.400			0.700			78988  		77367  		8740  		62408  		817304  		924032
	
2.971  			3.300			0.700			78988  		77367  		8740  		62312  		817400  		924128
	
2.923  			3.300			0.700			78988  		77367  		8740  		62540  		817172  		923900
	
2.000  			3.300			0.700			78988  		77367  		8740  		62288  		817416  		924144
	
1.971  			3.200			0.700			78988  		77367  		8740  		62400  		817304  		924040
	
0.962  			3.200			0.700			78988  		77367  		8740  		62244  		817460  		924196
	
1.971  			3.200			0.700			78988  		77367  		8740  		62196  		817508  		924244
	
0.971  			3.200			0.700			78988  		77367  		8740  		62340  		817364  		924100
	
2.962  			3.200			0.700			78988  		77367  		8740  		62404  		817288  		924028
	
2.942  			3.100			0.700			78988  		77367  		8740  		62256  		817436  		924184
	
2.923  			3.200			0.700			78988  		77367  		8740  		62276  		817416  		924164
	
2.923  			3.100			0.700			78988  		77367  		8740  		62372  		817320  		924068
	
1.942  			3.100			0.700			78988  		77367  		8740  		62176  		817508  		924264
	
2.942  			3.000			0.700			78988  		77367  		8740  		62336  		817348  		924104
	
2.942  			3.000			0.700			78988  		77367  		8740  		62300  		817384  		924140
	
2.971  			3.000			0.700			78988  		77367  		8740  		62224  		817460  		924216
	
1.962  			3.100			0.700			78988  		77367  		8740  		62304  		817380  		924136
	
1.971  			3.100			0.700			78988  		77367  		8740  		62424  		817252  		924016
	
1.971  			3.000			0.700			78988  		77367  		8740  		62432  		817244  		924008
	
1.000  			3.000			0.700			78988  		77367  		8740  		62220  		817456  		924220
	
2.962  			2.900			0.700			78988  		77367  		8740  		62316  		817352  		924124
	
1.971  			2.900			0.700			78988  		77367  		8740  		62076  		817592  		924364
	
2.971  			3.000			0.700			78988  		77367  		8740  		62336  		817332  		924104
	
1.923  			3.000			0.700			78988  		77367  		8740  		62396  		817272  		924044
	
0.971  			3.000			0.700			78988  		77367  		8740  		62312  		817356  		924128
	
0.971  			2.900			0.700			78988  		77367  		8740  		62300  		817360  		924132
	
0.962  			2.900			0.700			78988  		77367  		8740  		62344  		817316  		924096
	
1.962  			2.800			0.700			78988  		77367  		8740  		62204  		817456  		924236
	
1.942  			2.800			0.700			78988  		77367  		8740  		61996  		817664  		924444
	
1.923  			2.900			0.700			78988  		77367  		8740  		62080  		817580  		924360
	
2.971  			2.900			0.700			78988  		77367  		8740  		62144  		817516  		924296
	
1.942  			2.900			0.700			78988  		77367  		8740  		62280  		817372  		924160
	
2.942  			2.800			0.700			78988  		77367  		8740  		62348  		817304  		924092
	
1.962  			2.800			0.700			78988  		77367  		8740  		62276  		817376  		924164
	
2.885  			2.800			0.700			78988  		77367  		8740  		62244  		817400  		924188
	
1.971  			2.900			0.700			78988  		77367  		8740  		62340  		817304  		924100
	
2.000  			2.900			0.700			78988  		77367  		8740  		62300  		817344  		924140
	
1.971  			2.800			0.700			78988  		77367  		8740  		62288  		817356  		924152
	
1.000  			2.800			0.700			78988  		77367  		8740  		62280  		817364  		924160
	
0.000  			2.700			0.700			78988  		77367  		8740  		62340  		817296  		924100
	
1.000  			2.700			0.700			78988  		77367  		8740  		62212  		817424  		924228
	
1.000  			2.700			0.700			78988  		77367  		8740  		62252  		817384  		924188
	
1.962  			2.800			0.700			78988  		77367  		8740  		62272  		817364  		924168
	
1.000  			2.700			0.700			78988  		77367  		8740  		62160  		817468  		924272
	
1.000  			2.700			0.700			78988  		77367  		8740  		62200  		817428  		924240
	
2.923  			2.700			0.700			78988  		77367  		8740  		62196  		817432  		924244
	
1.000  			2.600			0.700			78988  		77367  		8740  		62324  		817304  		924116
	
0.971  			2.600			0.700			78988  		77367  		8740  		61960  		817664  		924476
	
1.962  			2.600			0.700			78988  		77367  		8740  		62100  		817520  		924340
	
0.971  			2.600			0.700			78988  		77367  		8740  		62064  		817556  		924376
	
0.000  			2.600			0.700			78988  		77367  		8740  		62044  		817576  		924396
	
0.971  			2.600			0.700			78988  		77367  		8740  		62036  		817580  		924400
	
1.962  			2.600			0.700			78988  		77367  		8740  		62012  		817600  		924428
	
1.000  			2.500			0.700			78988  		77367  		8740  		62124  		817488  		924316
	
0.000  			2.500			0.700			78988  		77367  		8740  		62060  		817552  		924380
	
0.971  			2.500			0.700			78988  		77367  		8740  		62288  		817316  		924144
	
0.000  			2.500			0.700			78988  		77367  		8740  		62272  		817332  		924168
	
0.971  			2.500			0.700			78988  		77367  		8740  		62076  		817528  		924364
	
1.000  			2.500			0.700			78988  		77367  		8740  		62004  		817600  		924436
	
1.000  			2.500			0.700			78988  		77367  		8740  		62260  		817340  		924180
	
1.000  			2.400			0.700			78988  		77367  		8740  		62204  		817388  		924236
	
1.971  			2.400			0.700			78988  		77367  		8740  		62380  		817212  		924060
	
1.000  			2.400			0.700			78988  		77367  		8740  		62228  		817364  		924212
	
0.000  			2.300			0.700			78988  		77367  		8740  		62256  		817336  		924184
	
1.000  			2.300			0.700			78988  		77367  		8740  		62160  		817432  		924280
	
1.971  			2.300			0.700			78988  		77367  		8740  		62316  		817272  		924120
	
0.000  			2.300			0.700			78988  		77367  		8740  		62244  		817340  		924196
	
0.962  			2.300			0.700			78988  		77367  		8740  		62112  		817472  		924328
	
0.000  			2.300			0.700			78988  		77367  		8740  		62248  		817336  		924192
	
1.971  			2.300			0.700			78988  		77367  		8740  		62308  		817264  		924124
	
1.000  			2.200			0.700			78988  		77367  		8740  		62276  		817296  		924164
	
1.000  			2.200			0.700			78988  		77367  		8740  		62112  		817460  		924328
	
2.962  			2.200			0.700			78988  		77367  		8740  		62356  		817216  		924084
	
1.000  			2.200			0.700			78988  		77367  		8740  		62284  		817288  		924156
	
1.000  			2.200			0.700			78988  		77367  		8740  		62344  		817220  		924088
	
2.971  			2.200			0.700			78988  		77367  		8740  		62296  		817268  		924144
	
1.000  			2.200			0.700			78988  		77367  		8740  		62164  		817400  		924276
	
