CPUProc			CPU  			MEM  			VSZ  		DRS  		RSS  		USED  		FREE  		AVAILABLE	
0.000  			0.000			0.900			31068  		31046  		11184  		57148  		820016  		929292
	
6.941  			3.000			0.900			31068  		31046  		11184  		57452  		819712  		928988
	
0.000  			2.800			1.200			105940  		105918  		14176  		57676  		819488  		928764
	
0.000  			2.700			1.200			105940  		105918  		14176  		57280  		819884  		929160
	
1.000  			2.200			1.200			105940  		105918  		14176  		57352  		819812  		929088
	
1.000  			1.600			1.200			105940  		105918  		14176  		57548  		819608  		928884
	
1.000  			1.500			1.200			105940  		105918  		14176  		57140  		820016  		929292
	
2.942  			1.400			1.200			105940  		105918  		14176  		57296  		819860  		929144
	
0.000  			1.500			1.200			105940  		105918  		14176  		57132  		820024  		929308
	
2.000  			1.300			1.200			105940  		105918  		14176  		57132  		820024  		929308
	
0.000  			1.400			1.200			105940  		105918  		14176  		57256  		819892  		929184
	
1.000  			1.200			1.200			105940  		105918  		14176  		57456  		819692  		928984
	
0.980  			1.100			1.200			105940  		105918  		14176  		57420  		819720  		929020
	
0.000  			1.200			1.200			105940  		105918  		14176  		57308  		819832  		929132
	
0.000  			1.000			1.200			105940  		105918  		14176  		57240  		819892  		929200
	
1.971  			1.000			1.200			105940  		105918  		14176  		57416  		819716  		929024
	
0.000  			1.000			1.200			105940  		105918  		14176  		57292  		819840  		929148
	
0.000  			1.000			1.200			105940  		105918  		14176  		57268  		819864  		929172
	
1.971  			0.900			1.200			105940  		105918  		14176  		57256  		819876  		929184
	
0.971  			1.100			1.200			105940  		105918  		14176  		57248  		819876  		929192
	
2.000  			1.000			1.200			105940  		105918  		14176  		57272  		819852  		929168
	
0.000  			1.100			1.200			105940  		105918  		14176  		57296  		819828  		929144
	
1.000  			1.000			1.200			105940  		105918  		14176  		57284  		819840  		929156
	
1.000  			1.100			1.200			105940  		105918  		14176  		57296  		819820  		929144
	
1.000  			1.000			1.200			105940  		105918  		14176  		57288  		819828  		929152
	
0.971  			1.000			1.200			105940  		105918  		14176  		57324  		819792  		929116
	
1.000  			1.000			1.200			105940  		105918  		14176  		57252  		819864  		929188
	
0.000  			0.900			1.200			105940  		105918  		14176  		57260  		819840  		929180
	
1.000  			1.000			1.200			105940  		105918  		14176  		57244  		819856  		929196
	
1.000  			1.000			1.200			105940  		105918  		14176  		57220  		819880  		929220
	
1.000  			1.000			1.200			105940  		105918  		14176  		57312  		819788  		929128
	
0.971  			1.000			1.200			105940  		105918  		14176  		57364  		819736  		929076
	
0.000  			0.900			1.200			105940  		105918  		14176  		57152  		819940  		929288
	
0.000  			0.900			1.200			105940  		105918  		14176  		57260  		819832  		929180
	
0.971  			1.000			1.200			105940  		105918  		14176  		57160  		819932  		929280
	
1.971  			0.800			1.200			105940  		105918  		14176  		57132  		819960  		929308
	
1.980  			0.900			1.200			105940  		105918  		14176  		57388  		819696  		929044
	
0.000  			1.000			1.200			105940  		105918  		14176  		57384  		819700  		929056
	
1.000  			1.000			1.200			105940  		105918  		14180  		57228  		819856  		929212
	
1.971  			0.900			1.200			105940  		105918  		14180  		57348  		819736  		929092
	
1.000  			0.900			1.200			105940  		105918  		14180  		57380  		819704  		929060
	
0.000  			1.000			1.200			105940  		105918  		14180  		57256  		819812  		929176
	
1.971  			0.800			1.200			105940  		105918  		14180  		57300  		819768  		929140
	
1.000  			0.900			1.200			105940  		105918  		14180  		57400  		819668  		929040
	
0.980  			0.900			1.200			105940  		105918  		14180  		57280  		819788  		929160
	
0.000  			0.900			1.200			105940  		105918  		14180  		57280  		819788  		929160
	
2.000  			0.900			1.200			105940  		105918  		14180  		57312  		819756  		929128
	
0.000  			1.000			1.200			105940  		105918  		14180  		57380  		819672  		929060
	
1.000  			0.900			1.200			105940  		105918  		14180  		57424  		819628  		929016
	
1.971  			0.900			1.200			105940  		105918  		14180  		57208  		819844  		929232
	
0.971  			0.800			1.200			105940  		105918  		14180  		57328  		819724  		929112
	
1.000  			0.800			1.200			105940  		105918  		14180  		57276  		819764  		929164
	
1.000  			0.900			1.200			105940  		105918  		14180  		57456  		819584  		928984
	
1.000  			0.900			1.200			105940  		105918  		14180  		57300  		819740  		929140
	
0.000  			0.900			1.200			105940  		105918  		14180  		57428  		819604  		929012
	
0.971  			0.900			1.200			105940  		105918  		14180  		57120  		819912  		929320
	
0.971  			0.900			1.200			105940  		105918  		14180  		57296  		819728  		929144
	
1.000  			0.800			1.200			105940  		105918  		14180  		57376  		819648  		929064
	
0.980  			0.800			1.200			105940  		105918  		14180  		57368  		819656  		929072
	
0.000  			0.800			1.200			105940  		105918  		14180  		57248  		819776  		929192
	
1.000  			0.800			1.200			105940  		105918  		14180  		57328  		819688  		929112
	
0.000  			0.900			1.200			105940  		105918  		14180  		57344  		819664  		929096
	
2.000  			0.900			1.200			105940  		105918  		14180  		57232  		819776  		929208
	
0.000  			0.900			1.200			105940  		105918  		14180  		57496  		819512  		928944
	
1.000  			0.900			1.200			105940  		105918  		14180  		57400  		819600  		929032
	
0.971  			0.800			1.200			105940  		105918  		14180  		57436  		819564  		929004
	
0.000  			0.800			1.200			105940  		105918  		14180  		57480  		819520  		928960
	
0.000  			0.800			1.200			105940  		105918  		14180  		57288  		819712  		929152
	
1.000  			0.800			1.200			105940  		105918  		14180  		57328  		819672  		929112
	
1.000  			0.800			1.200			105940  		105918  		14180  		57380  		819616  		929060
	
0.980  			0.900			1.200			105940  		105918  		14180  		57464  		819520  		928976
	
0.971  			0.900			1.200			105940  		105918  		14180  		57400  		819584  		929040
	
1.971  			0.900			1.200			105940  		105918  		14180  		57384  		819600  		929056
	
2.000  			0.800			1.200			105940  		105918  		14180  		57336  		819648  		929104
	
0.000  			0.800			1.200			105940  		105918  		14180  		57388  		819588  		929052
	
0.000  			0.800			1.200			105940  		105918  		14180  		57452  		819516  		928988
	
1.000  			0.800			1.200			105940  		105918  		14180  		57468  		819500  		928972
	
0.971  			0.800			1.200			105940  		105918  		14180  		57500  		819468  		928940
	
1.000  			0.800			1.200			105940  		105918  		14180  		57608  		819352  		928832
	
2.961  			0.900			1.200			105940  		105918  		14180  		57772  		819188  		928668
	
0.000  			0.800			1.200			105940  		105918  		14180  		57780  		819180  		928660
	
0.000  			0.800			1.200			105940  		105918  		14180  		57608  		819352  		928832
	
2.000  			0.800			1.200			105940  		105918  		14180  		57812  		819148  		928628
	
0.971  			0.900			1.200			105940  		105918  		14180  		57924  		819028  		928516
	
0.000  			0.900			1.200			105940  		105918  		14180  		57760  		819184  		928680
	
0.000  			0.900			1.200			105940  		105918  		14180  		57896  		819048  		928544
	
1.942  			0.900			1.200			105940  		105918  		14180  		57896  		819048  		928544
	
0.000  			0.900			1.200			105940  		105918  		14180  		57880  		819048  		928560
	
1.000  			0.800			1.200			105940  		105918  		14180  		57788  		819140  		928652
	
0.000  			0.800			1.200			105940  		105918  		14180  		57788  		819132  		928652
	
2.000  			0.800			1.200			105940  		105918  		14180  		57752  		819168  		928688
	
1.000  			0.800			1.200			105940  		105918  		14180  		57760  		819156  		928676
	
1.000  			0.800			1.200			105940  		105918  		14180  		57564  		819348  		928876
	
0.000  			0.800			1.200			105940  		105918  		14180  		57752  		819160  		928688
	
1.980  			0.700			1.200			105940  		105918  		14180  		57768  		819144  		928672
	
0.980  			0.800			1.200			105940  		105918  		14180  		57868  		819036  		928572
	
1.000  			0.800			1.200			105940  		105918  		14180  		57596  		819300  		928844
	
1.000  			0.800			1.200			105940  		105918  		14180  		57876  		819020  		928564
	
1.000  			0.800			1.200			105940  		105918  		14180  		57648  		819248  		928792
	
0.971  			0.800			1.200			105940  		105918  		14180  		57676  		819216  		928764
	
0.971  			0.800			1.200			105940  		105918  		14180  		57856  		819028  		928584
	
0.971  			0.800			1.200			105940  		105918  		14180  		57916  		818968  		928524
	
2.000  			0.800			1.200			105940  		105918  		14180  		57728  		819156  		928712
	
0.000  			0.800			1.200			105940  		105918  		14180  		57664  		819212  		928776
	
1.000  			0.800			1.200			105940  		105918  		14180  		57768  		819108  		928672
	
1.000  			0.800			1.200			105940  		105918  		14180  		57584  		819284  		928856
	
1.000  			0.700			1.200			105940  		105918  		14180  		58008  		818860  		928432
	
1.000  			0.800			1.200			105940  		105918  		14180  		57796  		819072  		928644
	
0.000  			0.800			1.200			105940  		105918  		14180  		57956  		818912  		928484
	
2.000  			0.700			1.200			105940  		105918  		14180  		57884  		818976  		928556
	
0.000  			0.800			1.200			105940  		105918  		14180  		58100  		818760  		928340
	
1.980  			0.800			1.200			105940  		105918  		14180  		57912  		818940  		928528
	
0.980  			0.700			1.200			105940  		105918  		14180  		57852  		819000  		928588
	
0.000  			0.800			1.200			105940  		105918  		14180  		57736  		819116  		928704
	
0.000  			0.800			1.200			105940  		105918  		14180  		57712  		819140  		928728
	
1.000  			0.700			1.200			105940  		105918  		14180  		57892  		818952  		928548
	
1.000  			0.800			1.200			105940  		105918  		14180  		57944  		818900  		928496
	
1.000  			0.700			1.200			105940  		105918  		14180  		57916  		818920  		928524
	
1.942  			0.700			1.200			105940  		105918  		14180  		57864  		818964  		928576
	
1.000  			0.800			1.200			105940  		105918  		14180  		57976  		818852  		928464
	
