CPUProc			CPU  			MEM  			VSZ  		DRS  		RSS  		USED  		FREE  		AVAILABLE	
0.000  			3.000			1.200			31068  		31046  		13384  		57564  		817284  		928876
	
10.854  			1.500			1.200			31068  		31046  		13384  		57636  		817212  		928804
	
4.971  			4.100			1.200			105940  		105918  		14152  		57896  		816952  		928544
	
5.913  			3.600			1.200			105940  		105918  		14152  		57496  		817352  		928944
	
3.971  			3.800			1.200			105940  		105918  		14152  		57356  		817500  		929084
	
2.971  			4.000			1.200			105940  		105918  		14152  		57432  		817424  		929008
	
3.942  			3.700			1.200			105940  		105918  		14152  		57556  		817292  		928884
	
4.000  			3.900			1.200			105940  		105918  		14152  		57340  		817508  		929100
	
3.980  			3.900			1.200			105940  		105918  		14152  		57504  		817344  		928936
	
3.971  			3.700			1.200			105940  		105918  		14152  		57716  		817124  		928716
	
3.942  			3.700			1.200			105940  		105918  		14152  		57548  		817292  		928892
	
3.971  			3.900			1.200			105940  		105918  		14152  		57560  		817280  		928880
	
5.942  			3.600			1.200			105940  		105918  		14152  		57544  		817296  		928896
	
4.942  			3.800			1.200			105940  		105918  		14152  		57636  		817204  		928804
	
4.942  			3.800			1.200			105940  		105918  		14152  		57552  		817280  		928880
	
2.980  			3.800			1.200			105940  		105918  		14152  		57644  		817188  		928796
	
2.980  			3.800			1.200			105940  		105918  		14152  		57676  		817156  		928764
	
3.942  			3.800			1.200			105940  		105918  		14152  		57412  		817420  		929028
	
4.971  			3.600			1.200			105940  		105918  		14152  		57512  		817320  		928928
	
4.000  			3.700			1.200			105940  		105918  		14152  		57692  		817140  		928748
	
3.971  			3.700			1.200			105940  		105918  		14152  		57672  		817152  		928760
	
3.971  			3.600			1.200			105940  		105918  		14152  		57648  		817176  		928792
	
3.000  			3.700			1.200			105940  		105918  		14152  		57680  		817144  		928760
	
5.942  			3.800			1.200			105940  		105918  		14152  		57844  		816972  		928596
	
4.942  			3.700			1.200			105940  		105918  		14152  		57716  		817084  		928716
	
4.913  			3.700			1.200			105940  		105918  		14152  		57904  		816888  		928536
	
2.971  			3.800			1.200			106072  		106050  		14152  		57804  		816988  		928636
	
4.942  			3.600			1.200			106204  		106182  		14152  		57952  		816832  		928488
	
4.942  			3.700			1.200			106204  		106182  		14152  		57760  		817024  		928680
	
4.913  			3.700			1.200			106204  		106182  		14152  		58020  		816756  		928420
	
3.913  			3.700			1.200			106204  		106182  		14152  		58040  		816728  		928392
	
4.942  			3.700			1.200			106204  		106182  		14152  		58060  		816700  		928380
	
2.942  			3.700			1.200			106204  		106182  		14152  		58220  		816540  		928220
	
3.942  			3.700			1.200			106204  		106182  		14152  		58136  		816608  		928304
	
3.971  			3.700			1.200			106204  		106182  		14152  		57980  		816764  		928460
	
2.971  			3.800			1.200			106204  		106182  		14152  		58288  		816440  		928152
	
2.000  			3.700			1.200			106204  		106182  		14152  		58284  		816436  		928156
	
3.942  			3.800			1.200			106204  		106182  		14152  		58296  		816424  		928144
	
3.000  			3.800			1.200			106204  		106182  		14152  		58396  		816324  		928044
	
4.000  			3.800			1.200			106204  		106182  		14152  		58356  		816340  		928084
	
3.971  			3.800			1.200			106204  		106182  		14152  		58392  		816296  		928048
	
3.942  			3.800			1.200			106204  		106182  		14152  		58456  		816232  		927984
	
3.913  			3.800			1.200			106204  		106182  		14152  		58536  		816144  		927904
	
3.971  			3.700			1.400			106204  		106182  		14600  		58680  		815992  		927760
	
3.000  			3.800			1.400			106204  		106182  		14600  		58692  		815972  		927748
	
3.971  			3.800			1.400			106204  		106182  		14600  		58656  		816000  		927784
	
3.941  			3.800			1.400			106204  		106182  		14600  		58836  		815820  		927604
	
4.961  			3.800			1.400			106204  		106182  		14600  		58708  		815936  		927732
	
2.980  			3.800			1.400			106204  		106182  		14600  		58536  		816104  		927904
	
4.000  			3.800			1.400			106204  		106182  		14600  		58772  		815868  		927668
	
2.971  			3.800			1.400			106204  		106182  		14600  		58756  		815872  		927684
	
4.000  			3.800			1.400			106204  		106182  		14600  		58812  		815800  		927628
	
3.971  			3.800			1.400			106204  		106182  		14600  		59060  		815552  		927380
	
5.913  			3.800			1.400			106204  		106182  		14600  		58692  		815912  		927748
	
2.000  			3.800			1.400			106204  		106182  		14600  		58956  		815640  		927484
	
2.971  			3.800			1.400			106204  		106182  		14600  		59052  		815536  		927388
	
2.971  			3.800			1.400			106336  		106314  		14600  		59196  		815384  		927236
	
3.980  			3.800			1.400			106336  		106314  		14600  		59284  		815288  		927156
	
3.961  			3.800			1.400			106468  		106446  		14600  		59236  		815328  		927204
	
4.942  			3.800			1.400			106468  		106446  		14600  		59380  		815176  		927060
	
3.971  			3.800			1.400			106468  		106446  		14600  		59412  		815144  		927028
	
2.971  			3.800			1.400			106468  		106446  		14600  		59512  		815036  		926928
	
3.971  			3.800			1.400			106468  		106446  		14600  		59644  		814888  		926796
	
4.913  			3.800			1.400			106468  		106446  		14600  		59480  		815044  		926960
	
2.000  			3.800			1.400			106468  		106446  		14600  		59392  		815132  		927048
	
4.941  			3.800			1.400			106468  		106446  		14600  		59584  		814924  		926848
	
3.942  			3.800			1.400			106468  		106446  		14600  		59604  		814896  		926836
	
2.942  			3.800			1.400			106468  		106446  		14600  		59800  		814692  		926640
	
4.971  			3.800			1.400			106468  		106446  		14600  		59748  		814744  		926692
	
5.942  			3.800			1.400			106468  		106446  		14600  		59768  		814716  		926672
	
2.980  			3.800			1.400			106468  		106446  		14600  		59736  		814740  		926704
	
5.942  			3.800			1.400			106468  		106446  		14600  		59748  		814712  		926692
	
2.000  			3.800			1.400			106468  		106446  		14600  		59792  		814668  		926648
	
3.971  			3.800			1.400			106468  		106446  		14600  		59952  		814500  		926488
	
3.971  			3.800			1.400			106468  		106446  		14600  		60040  		814396  		926392
	
3.980  			3.800			1.400			106468  		106446  		14600  		60096  		814332  		926344
	
6.913  			3.800			1.400			106468  		106446  		14600  		59980  		814448  		926460
	
3.971  			3.800			1.400			106468  		106446  		14600  		60176  		814244  		926264
	
2.980  			3.800			1.400			106468  		106446  		14600  		60172  		814240  		926268
	
2.000  			3.800			1.400			106468  		106446  		14600  		60224  		814180  		926216
	
3.942  			3.800			1.400			106468  		106446  		14600  		60292  		814104  		926148
	
2.000  			3.800			1.400			106468  		106446  		14600  		60176  		814212  		926264
	
4.913  			3.800			1.400			106468  		106446  		14600  		60320  		814068  		926120
	
3.971  			3.800			1.400			106468  		106446  		14600  		60040  		814348  		926400
	
5.000  			3.800			1.400			106468  		106446  		14600  		60084  		814280  		926356
	
2.961  			3.800			1.400			106600  		106578  		14600  		60036  		814328  		926404
	
2.000  			3.800			1.400			106600  		106578  		14600  		60464  		813900  		925976
	
4.000  			3.800			1.400			106600  		106578  		14600  		60260  		814080  		926172
	
4.942  			3.800			1.400			106732  		106710  		14600  		60432  		813908  		926000
	
4.942  			3.800			1.400			106732  		106710  		14600  		60416  		813924  		926024
	
1.971  			3.800			1.400			106732  		106710  		14600  		60708  		813616  		925732
	
4.971  			3.800			1.400			106732  		106710  		14600  		60672  		813652  		925768
	
3.980  			3.800			1.400			106732  		106710  		14600  		60796  		813520  		925644
	
3.000  			3.800			1.400			106732  		106710  		14600  		60772  		813528  		925668
	
3.980  			3.800			1.400			106732  		106710  		14600  		60972  		813328  		925468
	
4.000  			3.800			1.400			106732  		106710  		14600  		60884  		813408  		925556
	
4.000  			3.800			1.400			106732  		106710  		14600  		61028  		813256  		925412
	
4.000  			3.800			1.400			106732  		106710  		14600  		60672  		813600  		925764
	
3.941  			3.800			1.400			106732  		106710  		14600  		60980  		813284  		925460
	
3.942  			3.800			1.400			106732  		106710  		14600  		61148  		813116  		925292
	
2.971  			3.800			1.400			106732  		106710  		14600  		61308  		812948  		925132
	
3.971  			3.800			1.400			106732  		106710  		14600  		61156  		813080  		925280
	
2.000  			3.800			1.400			106732  		106710  		14600  		61136  		813096  		925304
	
2.971  			3.800			1.400			106732  		106710  		14864  		61308  		812916  		925132
	
2.000  			3.800			1.400			106732  		106710  		14864  		61200  		813016  		925240
	
2.971  			3.800			1.400			106732  		106710  		15128  		61280  		812936  		925160
	
2.971  			3.800			1.400			106732  		106710  		15128  		61356  		812852  		925084
	
5.000  			3.800			1.400			106732  		106710  		15128  		61404  		812788  		925036
	
2.971  			3.800			1.400			106732  		106710  		15128  		61472  		812720  		924968
	
4.913  			3.800			1.400			106732  		106710  		15128  		61372  		812804  		925068
	
3.961  			3.800			1.400			106732  		106710  		15128  		61568  		812600  		924872
	
3.980  			3.800			1.400			106732  		106710  		15128  		61584  		812576  		924856
	
2.942  			3.800			1.400			106732  		106710  		15128  		61584  		812568  		924856
	
3.971  			3.800			1.400			106732  		106710  		15128  		61708  		812444  		924732
	
3.961  			3.800			1.400			106732  		106710  		15128  		61864  		812280  		924576
	
3.941  			3.800			1.400			106732  		106710  		15128  		61672  		812464  		924768
	
3.942  			3.800			1.400			106732  		106710  		15128  		61804  		812324  		924636
	
3.942  			3.800			1.400			106864  		106842  		15128  		61876  		812244  		924564
	
3.980  			3.800			1.400			106864  		106842  		15128  		61884  		812236  		924556
	
2.942  			3.800			1.400			106996  		106974  		15128  		61860  		812252  		924580
	
