CPUProc			CPU  			MEM  			VSZ  		DRS  		RSS  		USED  		FREE  		AVAILABLE	
0.000  			0.200			0.900			31068  		31046  		11224  		57352  		823412  		929088
	
6.913  			1.600			0.900			31068  		31046  		11224  		57548  		823216  		928892
	
1.000  			3.400			1.200			95696  		95674  		14108  		57772  		822992  		928668
	
1.000  			3.100			1.200			95696  		95674  		14212  		57364  		823400  		929076
	
1.000  			2.400			1.200			95696  		95674  		14212  		57252  		823504  		929188
	
2.971  			2.200			1.200			95696  		95674  		14212  		57280  		823476  		929160
	
2.980  			2.200			1.200			95696  		95674  		14212  		57304  		823444  		929136
	
1.000  			2.200			1.200			95696  		95674  		14212  		57312  		823436  		929128
	
1.971  			1.900			1.200			95696  		95674  		14212  		57380  		823368  		929060
	
1.961  			1.900			1.200			95696  		95674  		14212  		57228  		823512  		929212
	
1.000  			1.900			1.200			95696  		95674  		14212  		57432  		823308  		929008
	
2.000  			1.900			1.200			95696  		95674  		14212  		57396  		823344  		929044
	
0.980  			1.900			1.200			95696  		95674  		14212  		57344  		823396  		929096
	
2.971  			1.700			1.200			95696  		95674  		14212  		57368  		823364  		929072
	
1.000  			1.800			1.200			95696  		95674  		14212  		57376  		823356  		929064
	
1.000  			2.000			1.200			95696  		95674  		14212  		57260  		823472  		929180
	
1.942  			1.700			1.200			95696  		95674  		14212  		57172  		823560  		929268
	
2.980  			1.700			1.200			95696  		95674  		14212  		57244  		823480  		929196
	
2.000  			1.700			1.200			95696  		95674  		14212  		57472  		823252  		928968
	
1.000  			1.700			1.200			95696  		95674  		14212  		57356  		823368  		929084
	
1.961  			1.700			1.200			95696  		95674  		14212  		57480  		823244  		928960
	
0.971  			1.700			1.200			95696  		95674  		14212  		57252  		823464  		929188
	
2.000  			1.700			1.200			95696  		95674  		14212  		57356  		823360  		929084
	
0.971  			1.700			1.200			95696  		95674  		14212  		57544  		823172  		928896
	
2.000  			1.700			1.200			95696  		95674  		14212  		57316  		823400  		929124
	
0.971  			1.600			1.200			95696  		95674  		14212  		57268  		823440  		929172
	
1.980  			1.700			1.200			95696  		95674  		14212  		57224  		823484  		929216
	
1.971  			1.600			1.200			95696  		95674  		14212  		57168  		823540  		929272
	
1.000  			1.600			1.200			96720  		96698  		14212  		57292  		823416  		929148
	
2.000  			1.600			1.200			96720  		96698  		14224  		57240  		823460  		929200
	
1.980  			1.700			1.200			96720  		96698  		14224  		57264  		823436  		929176
	
0.980  			1.600			1.200			96720  		96698  		14224  		57280  		823420  		929160
	
1.000  			1.700			1.200			96720  		96698  		14224  		57156  		823544  		929284
	
2.971  			1.600			1.200			96720  		96698  		14224  		57364  		823328  		929068
	
0.000  			1.700			1.200			96720  		96698  		14224  		57384  		823308  		929056
	
3.942  			1.600			1.200			96720  		96698  		14224  		57328  		823364  		929112
	
0.000  			1.600			1.200			96720  		96698  		14224  		57452  		823240  		928988
	
1.000  			1.600			1.200			96720  		96698  		14224  		57496  		823196  		928944
	
0.971  			1.600			1.200			96720  		96698  		14224  		57500  		823184  		928932
	
1.000  			1.600			1.200			96720  		96698  		14224  		57516  		823168  		928924
	
2.000  			1.600			1.200			96720  		96698  		14224  		57488  		823196  		928952
	
1.980  			1.600			1.200			96720  		96698  		14224  		57572  		823112  		928868
	
2.971  			1.600			1.200			96720  		96698  		14224  		57376  		823308  		929064
	
1.000  			1.600			1.200			96720  		96698  		14224  		57480  		823188  		928960
	
0.971  			1.600			1.200			96720  		96698  		14224  		57544  		823124  		928896
	
1.971  			1.600			1.200			96720  		96698  		14224  		57740  		822928  		928700
	
0.000  			1.600			1.200			96720  		96698  		14224  		57492  		823176  		928948
	
1.000  			1.500			1.200			96720  		96698  		14224  		57472  		823196  		928968
	
2.980  			1.600			1.200			96720  		96698  		14224  		57460  		823200  		928980
	
2.000  			1.500			1.200			96720  		96698  		14224  		57688  		822964  		928752
	
1.000  			1.600			1.200			96720  		96698  		14224  		57648  		822996  		928792
	
1.000  			1.500			1.200			96720  		96698  		14224  		57528  		823112  		928912
	
2.971  			1.500			1.200			96720  		96698  		14224  		57536  		823096  		928896
	
0.971  			1.600			1.200			96720  		96698  		14224  		57712  		822920  		928728
	
1.000  			1.600			1.200			96720  		96698  		14224  		57892  		822740  		928548
	
2.000  			1.500			1.200			96720  		96698  		14224  		57796  		822828  		928644
	
2.942  			1.500			1.200			96720  		96698  		14224  		57908  		822716  		928532
	
0.000  			1.500			1.200			96720  		96698  		14224  		58268  		822348  		928172
	
2.980  			1.500			1.200			96720  		96698  		14224  		58132  		822476  		928308
	
1.971  			1.500			1.200			96720  		96698  		14224  		58164  		822444  		928276
	
0.971  			1.600			1.200			96720  		96698  		14224  		58184  		822424  		928256
	
2.971  			1.500			1.200			96720  		96698  		14224  		57948  		822660  		928492
	
1.971  			1.500			1.200			96720  		96698  		14228  		58176  		822416  		928256
	
1.980  			1.500			1.200			96720  		96698  		14228  		58264  		822328  		928168
	
1.000  			1.500			1.200			96852  		96830  		14228  		58220  		822372  		928220
	
2.913  			1.500			1.200			96984  		96962  		14228  		58256  		822336  		928184
	
1.980  			1.500			1.200			96984  		96962  		14228  		58272  		822320  		928168
	
1.000  			1.500			1.200			96984  		96962  		14228  		58208  		822384  		928232
	
2.000  			1.500			1.200			96984  		96962  		14228  		58220  		822364  		928220
	
1.000  			1.500			1.200			96984  		96962  		14228  		58104  		822472  		928336
	
0.971  			1.500			1.200			96984  		96962  		14228  		58340  		822236  		928100
	
1.980  			1.500			1.200			96984  		96962  		14228  		58244  		822332  		928196
	
1.971  			1.500			1.200			96984  		96962  		14228  		57960  		822616  		928480
	
2.971  			1.500			1.200			96984  		96962  		14228  		58240  		822328  		928200
	
0.000  			1.500			1.200			96984  		96962  		14228  		58320  		822240  		928120
	
0.000  			1.500			1.200			96984  		96962  		14228  		58240  		822320  		928200
	
1.000  			1.500			1.200			96984  		96962  		14228  		58260  		822292  		928180
	
2.942  			1.500			1.200			96984  		96962  		14228  		58320  		822232  		928120
	
0.000  			1.500			1.200			96984  		96962  		14228  		58300  		822252  		928140
	
1.000  			1.500			1.200			96984  		96962  		14228  		58264  		822288  		928176
	
2.971  			1.500			1.200			96984  		96962  		14228  		58300  		822236  		928140
	
1.980  			1.500			1.200			96984  		96962  		14228  		58400  		822136  		928040
	
1.942  			1.500			1.200			96984  		96962  		14228  		58356  		822180  		928084
	
1.971  			1.500			1.200			96984  		96962  		14228  		58256  		822280  		928184
	
2.971  			1.500			1.200			96984  		96962  		14228  		58280  		822256  		928160
	
0.000  			1.500			1.200			96984  		96962  		14228  		58292  		822228  		928148
	
1.000  			1.500			1.200			96984  		96962  		14228  		58336  		822184  		928104
	
0.000  			1.500			1.200			96984  		96962  		14228  		58376  		822144  		928064
	
2.000  			1.500			1.200			96984  		96962  		14228  		58256  		822264  		928184
	
2.000  			1.500			1.200			96984  		96962  		14228  		58308  		822204  		928132
	
2.942  			1.500			1.200			96984  		96962  		14228  		58460  		822052  		927980
	
2.000  			1.500			1.200			96984  		96962  		14228  		58408  		822104  		928032
	
2.000  			1.500			1.200			96984  		96962  		14228  		58248  		822256  		928192
	
0.980  			1.500			1.200			96984  		96962  		14228  		58300  		822204  		928140
	
1.971  			1.500			1.200			96984  		96962  		14228  		58404  		822100  		928036
	
0.971  			1.500			1.200			96984  		96962  		14228  		58408  		822080  		928032
	
1.000  			1.500			1.200			96984  		96962  		14228  		58512  		821976  		927928
	
2.980  			1.500			1.200			96984  		96962  		14228  		58408  		822080  		928032
	
2.000  			1.500			1.200			96984  		96962  		14228  		58440  		822048  		928000
	
1.971  			1.500			1.200			96984  		96962  		14228  		58536  		821944  		927904
	
1.000  			1.500			1.200			96984  		96962  		14228  		58424  		822048  		928016
	
0.971  			1.500			1.200			96984  		96962  		14228  		58528  		821940  		927912
	
1.942  			1.500			1.200			96984  		96962  		14228  		58596  		821872  		927844
	
2.000  			1.500			1.200			96984  		96962  		14228  		58428  		822032  		928004
	
2.000  			1.500			1.200			96984  		96962  		14228  		58540  		821912  		927900
	
1.000  			1.500			1.200			96984  		96962  		14228  		58572  		821880  		927868
	
1.980  			1.500			1.200			96984  		96962  		14232  		58680  		821772  		927760
	
2.000  			1.500			1.200			96984  		96962  		14232  		58544  		821908  		927896
	
1.000  			1.500			1.200			96984  		96962  		14232  		58652  		821784  		927788
	
1.980  			1.500			1.200			96984  		96962  		14232  		58784  		821652  		927656
	
1.000  			1.500			1.200			96984  		96962  		14232  		58688  		821748  		927752
	
0.971  			1.500			1.400			96984  		96962  		14684  		58864  		821564  		927576
	
2.942  			1.500			1.400			96984  		96962  		14684  		58700  		821728  		927740
	
0.000  			1.500			1.400			96984  		96962  		14684  		58704  		821716  		927736
	
2.942  			1.500			1.400			96984  		96962  		14684  		58660  		821760  		927780
	
1.000  			1.500			1.400			96984  		96962  		14684  		58764  		821648  		927676
	
1.000  			1.500			1.400			96984  		96962  		14684  		58828  		821584  		927612
	
1.000  			1.500			1.400			96984  		96962  		14684  		58808  		821596  		927632
	
1.980  			1.500			1.400			96984  		96962  		14684  		58948  		821448  		927492
	
1.942  			1.500			1.400			96984  		96962  		14684  		58776  		821620  		927664
	
