CPUProc			CPU  			MEM  			VSZ  		DRS  		RSS  		USED  		FREE  		AVAILABLE	
0.000  			14.600			0.700			79996  		78375  		8712  		61816  		821100  		924624
	
0.000  			12.100			0.700			79996  		78375  		8712  		61736  		821180  		924704
	
0.000  			9.200			0.700			79996  		78375  		8712  		61808  		821108  		924632
	
68.000  			8.200			0.700			79996  		78375  		8712  		61780  		821136  		924660
	
103.000  			15.900			0.700			79996  		78375  		8712  		61788  		821128  		924652
	
104.000  			26.400			0.700			79996  		78375  		8712  		61944  		820964  		924496
	
103.000  			32.800			0.700			79996  		78375  		8712  		61980  		820920  		924460
	
103.000  			40.000			0.700			79996  		78375  		8712  		61788  		821112  		924652
	
103.000  			43.900			0.700			79996  		78375  		8712  		61908  		820992  		924532
	
103.000  			49.100			0.700			79996  		78375  		8712  		61928  		820964  		924512
	
103.000  			51.500			0.700			79996  		78375  		8712  		61840  		821052  		924600
	
103.000  			55.600			0.700			79996  		78375  		8712  		61928  		820964  		924512
	
103.000  			59.600			0.700			79996  		78375  		8712  		61968  		820924  		924472
	
103.000  			60.500			0.700			79996  		78375  		8712  		61912  		820972  		924528
	
103.000  			63.700			0.700			79996  		78375  		8712  		61988  		820896  		924452
	
103.000  			64.400			0.700			79996  		78375  		8712  		61892  		820992  		924548
	
104.000  			67.100			0.700			79996  		78375  		8712  		61884  		821000  		924556
	
103.000  			69.600			0.700			79996  		78375  		8712  		61928  		820956  		924512
	
103.000  			69.700			0.700			79996  		78375  		8712  		61884  		820992  		924556
	
103.000  			71.900			0.700			79996  		78375  		8712  		61820  		821056  		924620
	
104.000  			72.000			0.700			79996  		78375  		8712  		61692  		821184  		924748
	
103.000  			73.800			0.700			79996  		78375  		8712  		61888  		820988  		924552
	
103.000  			73.800			0.700			79996  		78375  		8712  		61876  		820992  		924564
	
103.000  			75.500			0.700			79996  		78375  		8712  		61808  		821060  		924632
	
103.000  			77.200			0.700			79996  		78375  		8712  		61804  		821064  		924636
	
104.000  			76.900			0.700			79996  		78375  		8712  		61808  		821060  		924632
	
104.000  			78.500			0.700			79996  		78375  		8712  		61956  		820912  		924484
	
104.000  			78.100			0.700			79996  		78375  		8712  		61888  		820972  		924552
	
103.000  			79.600			0.700			79996  		78375  		8712  		61828  		821032  		924612
	
103.000  			79.200			0.700			79996  		78375  		8712  		61868  		820992  		924572
	
103.000  			80.500			0.700			79996  		78375  		8712  		61852  		821008  		924588
	
103.000  			81.700			0.700			79996  		78375  		8712  		61968  		820892  		924472
	
103.000  			81.300			0.700			79996  		78375  		8712  		61960  		820892  		924480
	
103.000  			82.500			0.700			79996  		78375  		8712  		61768  		821084  		924672
	
103.000  			82.000			0.700			79996  		78375  		8712  		61844  		821008  		924596
	
103.000  			83.100			0.700			79996  		78375  		8712  		62000  		820852  		924440
	
103.000  			84.200			0.700			79996  		78375  		8712  		61864  		820988  		924576
	
103.000  			83.700			0.700			79996  		78375  		8712  		61912  		820932  		924528
	
103.000  			84.700			0.700			79996  		78375  		8712  		61836  		821008  		924604
	
103.000  			84.300			0.700			79996  		78375  		8712  		61700  		821144  		924740
	
104.000  			85.100			0.700			79996  		78375  		8712  		61872  		820972  		924568
	
104.000  			84.700			0.700			79996  		78375  		8712  		61760  		821084  		924680
	
103.000  			85.600			0.700			79996  		78375  		8712  		61944  		820900  		924496
	
103.000  			86.500			0.700			79996  		78375  		8712  		61812  		821024  		924628
	
103.000  			86.000			0.700			79996  		78375  		8712  		61768  		821068  		924672
	
103.000  			86.800			0.700			79996  		78375  		8712  		61888  		820948  		924552
	
103.000  			86.400			0.700			79996  		78375  		8712  		61896  		820932  		924544
	
103.000  			87.200			0.700			79996  		78375  		8712  		61844  		820984  		924596
	
103.000  			86.700			0.700			79996  		78375  		8712  		61932  		820896  		924508
	
103.000  			87.400			0.700			79996  		78375  		8712  		61892  		820932  		924548
	
104.000  			88.100			0.700			79996  		78375  		8712  		61716  		821108  		924724
	
103.000  			87.700			0.700			79996  		78375  		8712  		61876  		820940  		924564
	
103.000  			88.400			0.700			79996  		78375  		8712  		61884  		820932  		924556
	
103.000  			88.000			0.700			79996  		78375  		8712  		61884  		820932  		924556
	
103.000  			88.600			0.700			79996  		78375  		8712  		61904  		820904  		924536
	
103.000  			89.200			0.700			79996  		78375  		8712  		61876  		820932  		924564
	
104.000  			88.800			0.700			79996  		78375  		8712  		61800  		821008  		924640
	
103.000  			89.400			0.700			79996  		78375  		8712  		61808  		821000  		924632
	
103.000  			89.000			0.700			79996  		78375  		8712  		61760  		821040  		924680
	
104.000  			89.600			0.700			79996  		78375  		8712  		61800  		821000  		924640
	
105.000  			89.200			0.700			79996  		78375  		8712  		61760  		821040  		924680
	
103.000  			89.800			0.700			79996  		78375  		8712  		61920  		820880  		924520
	
103.000  			90.300			0.700			79996  		78375  		8712  		61868  		820932  		924572
	
103.000  			89.900			0.700			79996  		78375  		8712  		61720  		821072  		924712
	
103.000  			90.500			0.700			79996  		78375  		8712  		61784  		821008  		924656
	
103.000  			90.100			0.700			79996  		78375  		8712  		61860  		820932  		924580
	
103.000  			90.600			0.700			79996  		78375  		8712  		61852  		820940  		924588
	
103.000  			90.200			0.700			79996  		78375  		8712  		61808  		820976  		924632
	
104.000  			90.700			0.700			79996  		78375  		8712  		61920  		820864  		924520
	
104.000  			91.200			0.700			79996  		78375  		8712  		61960  		820824  		924480
	
103.000  			90.900			0.700			79996  		78375  		8712  		61820  		820964  		924620
	
103.000  			91.300			0.700			79996  		78375  		8712  		61828  		820956  		924612
	
103.000  			90.900			0.700			79996  		78375  		8712  		61844  		820932  		924596
	
103.000  			91.400			0.700			79996  		78375  		8712  		61844  		820932  		924596
	
103.000  			91.800			0.700			79996  		78375  		8712  		61804  		820972  		924636
	
103.000  			91.500			0.700			79996  		78375  		8712  		61748  		821020  		924692
	
104.000  			91.900			0.700			79996  		78375  		8712  		61672  		821096  		924768
	
104.000  			91.600			0.700			79996  		78375  		8712  		61844  		820924  		924596
	
103.000  			92.000			0.700			79996  		78375  		8712  		61804  		820964  		924636
	
103.000  			91.700			0.700			79996  		78375  		8712  		61736  		821032  		924704
	
104.000  			92.100			0.700			79996  		78375  		8712  		61760  		821000  		924680
	
103.000  			92.500			0.700			79996  		78375  		8712  		61772  		820988  		924668
	
103.000  			92.200			0.700			79996  		78375  		8712  		61564  		821196  		924876
	
103.000  			92.600			0.700			79996  		78375  		8712  		61756  		821004  		924684
	
103.000  			92.100			0.700			79996  		78375  		8712  		61872  		820880  		924560
	
103.000  			92.500			0.700			79996  		78375  		8712  		61764  		820988  		924676
	
103.000  			92.900			0.700			79996  		78375  		8712  		61496  		821256  		924944
	
103.000  			92.600			0.700			79996  		78375  		8712  		61792  		820960  		924648
	
103.000  			93.000			0.700			79996  		78375  		8712  		61904  		820848  		924536
	
103.000  			92.600			0.700			79996  		78375  		8712  		61756  		820988  		924680
	
103.000  			93.000			0.700			79996  		78375  		8712  		61712  		821032  		924728
	
103.000  			92.700			0.700			79996  		78375  		8712  		61564  		821180  		924876
	
104.000  			93.100			0.700			79996  		78375  		8712  		61728  		821016  		924712
	
104.000  			93.400			0.700			79996  		78375  		8712  		61600  		821144  		924840
	
103.000  			93.100			0.700			79996  		78375  		8712  		61848  		820888  		924592
	
103.000  			93.500			0.700			79996  		78375  		8712  		61620  		821116  		924820
	
103.000  			93.200			0.700			79996  		78375  		8712  		61672  		821064  		924768
	
103.000  			93.500			0.700			79996  		78375  		8712  		61876  		820860  		924564
	
103.000  			93.200			0.700			79996  		78375  		8712  		61760  		820964  		924680
	
103.000  			93.500			0.700			79996  		78375  		8712  		61800  		820924  		924640
	
103.000  			93.900			0.700			79996  		78375  		8712  		61544  		821180  		924896
	
104.000  			93.500			0.700			79996  		78375  		8712  		61740  		820984  		924700
	
104.000  			93.800			0.700			79996  		78375  		8712  		61748  		820968  		924692
	
104.000  			93.500			0.700			79996  		78375  		8712  		61728  		820988  		924712
	
103.000  			93.800			0.700			79996  		78375  		8712  		61536  		821180  		924904
	
103.000  			94.100			0.700			79996  		78375  		8712  		61760  		820956  		924680
	
103.000  			93.800			0.700			79996  		78375  		8712  		61724  		820984  		924716
	
103.000  			94.200			0.700			79996  		78375  		8712  		61684  		821024  		924756
	
103.000  			93.900			0.700			79996  		78375  		8712  		61812  		820896  		924628
	
103.000  			94.200			0.700			79996  		78375  		8712  		61744  		820964  		924696
	
103.000  			93.900			0.700			79996  		78375  		8712  		61556  		821144  		924884
	
103.000  			94.200			0.700			79996  		78375  		8712  		61828  		820872  		924612
	
103.000  			94.500			0.700			79996  		78375  		8712  		61620  		821080  		924820
	
103.000  			94.200			0.700			79996  		78375  		8712  		61728  		820972  		924712
	
103.000  			94.500			0.700			79996  		78375  		8712  		61756  		820936  		924684
	
103.000  			94.200			0.700			79996  		78375  		8712  		61760  		820932  		924680
	
103.000  			94.500			0.700			79996  		78375  		8712  		61636  		821056  		924804
	
103.000  			94.200			0.700			79996  		78375  		8712  		61592  		821100  		924848
	
103.000  			94.500			0.700			79996  		78375  		8712  		61560  		821124  		924880
	
103.000  			94.800			0.700			79996  		78375  		8712  		61844  		820840  		924596
	
