CPUProc			CPU  			MEM  			VSZ  		DRS  		RSS  		USED  		FREE  		AVAILABLE	
0.000  			0.000			0.900			31068  		31046  		11120  		57320  		810904  		929116
	
8.883  			2.000			0.900			31068  		31046  		11120  		57800  		810416  		928640
	
4.942  			3.800			1.200			105940  		105918  		14024  		57940  		810276  		928500
	
6.942  			4.400			1.200			105940  		105918  		14024  		57428  		810788  		929012
	
3.971  			5.200			1.200			105940  		105918  		14024  		57468  		810748  		928972
	
5.961  			4.400			1.200			105940  		105918  		14024  		57544  		810656  		928888
	
4.971  			4.600			1.200			105940  		105918  		14024  		57556  		810644  		928884
	
4.942  			4.700			1.200			105940  		105918  		14024  		57724  		810476  		928716
	
3.000  			4.400			1.200			105940  		105918  		14024  		57748  		810452  		928692
	
4.971  			4.500			1.200			105940  		105918  		14024  		57688  		810512  		928752
	
5.971  			4.500			1.200			105940  		105918  		14024  		57644  		810548  		928788
	
2.971  			4.400			1.200			105940  		105918  		14024  		57812  		810380  		928628
	
5.000  			4.400			1.200			105940  		105918  		14024  		57800  		810392  		928640
	
3.000  			4.500			1.200			105940  		105918  		14024  		57856  		810336  		928584
	
3.913  			4.200			1.200			105940  		105918  		14024  		57708  		810484  		928732
	
4.883  			4.500			1.200			105940  		105918  		14024  		58040  		810144  		928400
	
3.961  			4.500			1.200			105940  		105918  		14024  		57980  		810204  		928460
	
4.000  			4.300			1.200			105940  		105918  		14024  		57996  		810188  		928444
	
4.000  			4.300			1.200			105940  		105918  		14024  		58120  		810064  		928320
	
3.971  			4.500			1.200			105940  		105918  		14024  		58104  		810080  		928336
	
3.971  			4.300			1.200			105940  		105918  		14024  		58092  		810084  		928348
	
3.942  			4.300			1.200			105940  		105918  		14024  		58132  		810044  		928308
	
4.000  			4.400			1.200			105940  		105918  		14024  		58156  		810020  		928284
	
4.000  			4.300			1.200			106072  		106050  		14024  		58256  		809920  		928184
	
4.942  			4.300			1.300			106200  		106178  		14180  		58328  		809848  		928112
	
4.000  			4.300			1.300			106200  		106178  		14180  		58352  		809800  		928088
	
3.942  			4.300			1.300			106200  		106178  		14180  		58512  		809640  		927928
	
3.000  			4.300			1.300			106200  		106178  		14180  		58388  		809748  		928052
	
4.000  			4.300			1.300			106200  		106178  		14180  		58432  		809696  		928008
	
2.942  			4.300			1.300			106200  		106178  		14180  		58328  		809792  		928112
	
4.000  			4.300			1.300			106200  		106178  		14180  		58524  		809596  		927916
	
3.971  			4.300			1.300			106200  		106178  		14180  		58520  		809592  		927920
	
4.971  			4.300			1.300			106200  		106178  		14180  		58632  		809480  		927808
	
4.000  			4.300			1.300			106200  		106178  		14180  		58472  		809624  		927968
	
2.971  			4.300			1.300			106200  		106178  		14180  		58528  		809568  		927912
	
4.941  			4.300			1.300			106200  		106178  		14180  		58696  		809400  		927744
	
3.942  			4.300			1.300			106200  		106178  		14180  		58700  		809388  		927740
	
4.941  			4.300			1.300			106200  		106178  		14180  		58856  		809224  		927576
	
3.971  			4.200			1.400			106200  		106178  		14408  		58972  		809108  		927468
	
3.971  			4.300			1.400			106200  		106178  		14408  		58816  		809256  		927624
	
4.971  			4.300			1.400			106200  		106178  		14408  		58948  		809116  		927492
	
3.942  			4.300			1.400			106200  		106178  		14408  		59016  		809040  		927424
	
4.913  			4.300			1.400			106200  		106178  		14408  		58976  		809064  		927464
	
4.971  			4.300			1.400			106200  		106178  		14408  		58956  		809084  		927484
	
4.000  			4.300			1.400			106200  		106178  		14408  		59020  		809012  		927420
	
5.913  			4.300			1.400			106200  		106178  		14408  		58936  		809088  		927504
	
4.961  			4.300			1.400			106200  		106178  		14408  		59260  		808748  		927172
	
2.942  			4.200			1.400			106200  		106178  		14408  		59268  		808740  		927172
	
4.941  			4.200			1.400			106200  		106178  		14408  		59256  		808744  		927184
	
3.913  			4.300			1.400			106328  		106306  		14468  		59184  		808816  		927256
	
4.980  			4.200			1.400			106328  		106306  		14468  		59264  		808712  		927172
	
2.942  			4.300			1.400			106460  		106438  		14468  		59544  		808428  		926896
	
4.961  			4.300			1.400			106460  		106438  		14468  		59584  		808372  		926856
	
3.980  			4.200			1.400			106460  		106438  		14468  		59464  		808492  		926976
	
2.980  			4.200			1.400			106460  		106438  		14468  		59608  		808340  		926832
	
3.980  			4.300			1.400			106460  		106438  		14468  		59532  		808400  		926900
	
2.971  			4.200			1.400			106460  		106438  		14468  		59696  		808228  		926744
	
4.942  			4.200			1.400			106460  		106438  		14468  		59700  		808216  		926740
	
2.971  			4.300			1.400			106460  		106438  		14468  		59624  		808284  		926816
	
4.961  			4.200			1.400			106460  		106438  		14468  		59856  		808044  		926584
	
3.980  			4.300			1.400			106460  		106438  		14468  		59740  		808160  		926700
	
3.980  			4.300			1.400			106460  		106438  		14468  		59808  		808076  		926632
	
3.000  			4.200			1.400			106460  		106438  		14468  		59920  		807948  		926520
	
4.971  			4.200			1.400			106460  		106438  		14468  		59980  		807888  		926460
	
3.000  			4.300			1.400			106460  		106438  		14468  		60088  		807768  		926348
	
2.000  			4.200			1.400			106460  		106438  		14468  		60096  		807748  		926344
	
4.980  			4.200			1.400			106460  		106438  		14468  		60108  		807736  		926332
	
4.941  			4.200			1.400			106460  		106438  		14468  		60204  		807632  		926236
	
2.961  			4.300			1.400			106460  		106438  		14468  		60236  		807592  		926204
	
3.971  			4.200			1.400			106460  		106438  		14468  		60180  		807640  		926260
	
3.971  			4.200			1.400			106460  		106438  		14468  		60204  		807600  		926236
	
3.942  			4.200			1.400			106460  		106438  		14468  		60304  		807492  		926136
	
4.971  			4.200			1.400			106460  		106438  		14468  		60308  		807488  		926132
	
4.000  			4.200			1.400			106460  		106438  		14468  		60268  		807516  		926168
	
2.942  			4.300			1.400			106588  		106566  		14596  		60588  		807176  		925852
	
4.942  			4.200			1.400			106588  		106566  		14596  		60780  		806984  		925660
	
4.971  			4.200			1.400			106716  		106694  		14856  		60708  		807048  		925732
	
3.000  			4.200			1.400			106716  		106694  		14856  		60784  		806956  		925656
	
4.000  			4.200			1.400			106716  		106694  		14856  		60984  		806756  		925456
	
3.971  			4.200			1.400			106716  		106694  		14856  		60940  		806784  		925500
	
2.971  			4.300			1.400			106716  		106694  		14856  		60876  		806840  		925564
	
2.980  			4.200			1.400			106716  		106694  		14856  		60732  		806984  		925708
	
4.971  			4.200			1.400			106716  		106694  		14856  		60876  		806824  		925564
	
3.913  			4.300			1.400			106716  		106694  		14856  		60880  		806812  		925560
	
2.961  			4.200			1.400			106716  		106694  		14856  		61172  		806512  		925268
	
4.980  			4.200			1.400			106716  		106694  		14856  		61140  		806544  		925300
	
3.971  			4.200			1.400			106716  		106694  		14856  		61224  		806444  		925216
	
4.913  			4.200			1.400			106716  		106694  		14856  		61300  		806368  		925140
	
5.000  			4.200			1.400			106716  		106694  		14856  		61228  		806424  		925212
	
3.000  			4.200			1.400			106716  		106694  		14856  		61276  		806368  		925164
	
5.942  			4.200			1.400			106716  		106694  		14856  		61340  		806296  		925100
	
2.942  			4.200			1.400			106716  		106694  		14856  		61296  		806348  		925144
	
4.971  			4.200			1.400			106716  		106694  		14856  		61456  		806188  		924984
	
3.000  			4.200			1.400			106716  		106694  		14856  		61416  		806212  		925024
	
4.000  			4.200			1.400			106716  		106694  		14856  		61500  		806124  		924936
	
6.913  			4.200			1.400			106716  		106694  		14856  		61592  		806020  		924848
	
4.913  			4.200			1.400			106716  		106694  		14856  		61708  		805896  		924732
	
4.971  			4.200			1.400			106716  		106694  		14856  		61724  		805872  		924716
	
3.971  			4.200			1.400			106716  		106694  		14856  		61868  		805716  		924572
	
3.971  			4.200			1.400			106716  		106694  		14856  		61708  		805868  		924724
	
3.980  			4.200			1.400			106844  		106822  		14984  		61772  		805796  		924668
	
4.961  			4.200			1.400			106844  		106822  		14984  		61732  		805828  		924708
	
4.961  			4.200			1.400			106976  		106954  		14984  		61848  		805704  		924592
	
4.980  			4.200			1.400			106976  		106954  		14984  		61900  		805644  		924540
	
4.942  			4.200			1.400			106976  		106954  		14984  		62060  		805460  		924372
	
4.961  			4.200			1.400			106976  		106954  		14984  		61852  		805660  		924588
	
3.000  			4.200			1.400			106976  		106954  		14984  		62000  		805508  		924440
	
3.942  			4.200			1.400			106976  		106954  		14984  		62048  		805452  		924392
	
2.942  			4.200			1.400			106976  		106954  		14984  		62056  		805424  		924384
	
4.942  			4.200			1.400			106976  		106954  		14984  		62176  		805296  		924264
	
4.000  			4.200			1.400			106976  		106954  		14984  		62356  		805108  		924084
	
3.980  			4.200			1.400			106976  		106954  		14984  		62432  		805020  		924008
	
5.941  			4.200			1.400			106976  		106954  		14984  		62476  		804968  		923964
	
2.971  			4.200			1.400			106976  		106954  		14984  		62524  		804900  		923916
	
3.971  			4.200			1.400			106976  		106954  		14984  		62700  		804724  		923740
	
2.000  			4.200			1.400			106976  		106954  		15112  		62688  		804728  		923752
	
2.971  			4.200			1.400			106976  		106954  		15112  		62612  		804804  		923828
	
1.000  			4.200			1.400			106976  		106954  		15112  		62748  		804660  		923692
	
2.971  			4.200			1.400			106976  		106954  		15112  		62572  		804824  		923868
	
1.971  			4.200			1.400			106976  		106954  		15112  		62708  		804688  		923732
	
