CPUProc			CPU  			MEM  			VSZ  		DRS  		RSS  		USED  		FREE  		AVAILABLE	
103.000  			101.200			0.700			80264  		78643  		9000  		61492  		812856  		924948
	
103.971  			106.200			0.700			80264  		78643  		9000  		61612  		812736  		924828
	
105.000  			98.800			0.700			80264  		78643  		9000  		61460  		812888  		924980
	
103.000  			102.900			0.700			80264  		78643  		9000  		61528  		812820  		924912
	
103.000  			106.700			0.700			80264  		78643  		9000  		61488  		812860  		924952
	
103.962  			101.100			0.700			80264  		78643  		9000  		61624  		812716  		924816
	
103.000  			104.300			0.700			80264  		78643  		9000  		61624  		812724  		924816
	
104.000  			100.300			0.700			80264  		78643  		9000  		61520  		812828  		924920
	
104.000  			102.600			0.700			80264  		78643  		9000  		61588  		812760  		924852
	
103.000  			104.100			0.700			80264  		78643  		9000  		61572  		812768  		924868
	
103.971  			101.400			0.700			80264  		78643  		9000  		61448  		812892  		924992
	
103.000  			103.500			0.700			80264  		78643  		9000  		61384  		812956  		925056
	
103.000  			100.700			0.700			80264  		78643  		9000  		61528  		812812  		924912
	
103.000  			102.300			0.700			80264  		78643  		9000  		61396  		812936  		925044
	
103.000  			100.000			0.700			80264  		78643  		9000  		61696  		812636  		924744
	
103.000  			101.500			0.700			80264  		78643  		9000  		61588  		812744  		924852
	
103.000  			102.700			0.700			80264  		78643  		9000  		61416  		812916  		925024
	
104.000  			100.900			0.700			80264  		78643  		9000  		61420  		812904  		925020
	
104.000  			102.300			0.700			80264  		78643  		9000  		61640  		812684  		924800
	
104.000  			100.400			0.700			80264  		78643  		9000  		61564  		812760  		924876
	
104.962  			101.500			0.700			80264  		78643  		9000  		61580  		812752  		924860
	
104.000  			99.900			0.700			80264  		78643  		9000  		61548  		812784  		924892
	
103.000  			101.000			0.700			80264  		78643  		9000  		61496  		812828  		924936
	
103.971  			102.000			0.700			80264  		78643  		9000  		61428  		812896  		925012
	
103.000  			100.500			0.700			80264  		78643  		9000  		61512  		812812  		924928
	
103.000  			101.600			0.700			80264  		78643  		9000  		61548  		812776  		924892
	
104.962  			100.100			0.700			80264  		78643  		9000  		61576  		812740  		924864
	
104.000  			101.100			0.700			80264  		78643  		9000  		61352  		812964  		925088
	
104.000  			101.700			0.700			80264  		78643  		9000  		61524  		812792  		924916
	
103.000  			100.700			0.700			80264  		78643  		9000  		61440  		812876  		925000
	
103.000  			101.500			0.700			80264  		78643  		9000  		61464  		812852  		924976
	
103.962  			100.400			0.700			80264  		78643  		9000  		61552  		812756  		924888
	
103.000  			101.200			0.700			80264  		78643  		9000  		61464  		812844  		924976
	
103.000  			100.000			0.700			80264  		78643  		9000  		61524  		812784  		924916
	
103.000  			100.900			0.700			80264  		78643  		9000  		61552  		812756  		924888
	
103.000  			101.400			0.700			80264  		78643  		9000  		61576  		812732  		924864
	
104.000  			100.500			0.700			80264  		78643  		9000  		61616  		812684  		924824
	
104.000  			101.300			0.700			80264  		78643  		9000  		61532  		812768  		924908
	
103.000  			100.300			0.700			80264  		78643  		9000  		61464  		812836  		924976
	
103.000  			100.900			0.700			80264  		78643  		9000  		61428  		812872  		925012
	
104.000  			100.000			0.700			80264  		78643  		9000  		61516  		812784  		924924
	
103.000  			100.700			0.700			80264  		78643  		9000  		61444  		812848  		924996
	
104.000  			101.300			0.700			80264  		78643  		9000  		61456  		812836  		924984
	
104.000  			100.400			0.700			80264  		78643  		9000  		61456  		812836  		924984
	
103.000  			101.000			0.700			80264  		78643  		9000  		61560  		812732  		924880
	
103.000  			100.200			0.700			80264  		78643  		9000  		61524  		812760  		924916
	
103.000  			100.800			0.700			80264  		78643  		9000  		61568  		812716  		924872
	
104.000  			99.900			0.700			80264  		78643  		9000  		61396  		812888  		925044
	
103.971  			100.500			0.700			80264  		78643  		9000  		61580  		812700  		924860
	
103.000  			101.100			0.700			80264  		78643  		9000  		61516  		812764  		924924
	
103.000  			100.300			0.700			80264  		78643  		9000  		61192  		813080  		925248
	
104.000  			100.900			0.700			80264  		78643  		9000  		61472  		812800  		924968
	
103.000  			100.200			0.700			80264  		78643  		9000  		61548  		812724  		924892
	
104.000  			100.600			0.700			80264  		78643  		9000  		61504  		812768  		924936
	
103.000  			101.000			0.700			80264  		78643  		9000  		61484  		812780  		924956
	
103.000  			100.400			0.700			80264  		78643  		9000  		61160  		813104  		925280
	
104.000  			100.900			0.700			80264  		78643  		9000  		61404  		812860  		925036
	
103.000  			100.300			0.700			80264  		78643  		9000  		61452  		812812  		924988
	
103.000  			100.800			0.700			80264  		78643  		9000  		61368  		812888  		925072
	
103.000  			100.100			0.700			80264  		78643  		9000  		61584  		812672  		924856
	
104.000  			100.500			0.700			80264  		78643  		9000  		61296  		812960  		925144
	
105.971  			100.900			0.700			80264  		78643  		9000  		61488  		812768  		924952
	
103.000  			100.300			0.700			80264  		78643  		9000  		61444  		812804  		924996
	
103.000  			100.800			0.700			80264  		78643  		9000  		61440  		812808  		925000
	
103.000  			100.200			0.700			80264  		78643  		9000  		61416  		812832  		925024
	
104.971  			100.600			0.700			80264  		78643  		9000  		61512  		812736  		924928
	
103.000  			100.000			0.700			80264  		78643  		9000  		61300  		812948  		925140
	
103.000  			100.500			0.700			80264  		78643  		9000  		61396  		812844  		925036
	
103.000  			100.900			0.700			80264  		78643  		9000  		61412  		812828  		925028
	
104.000  			100.300			0.700			80264  		78643  		9000  		61488  		812752  		924952
	
104.000  			100.600			0.700			80264  		78643  		9000  		61344  		812896  		925096
	
103.000  			100.100			0.700			80264  		78643  		9000  		61312  		812920  		925128
	
104.000  			100.500			0.700			80264  		78643  		9000  		61396  		812836  		925044
	
103.971  			100.800			0.700			80264  		78643  		9000  		61472  		812760  		924968
	
103.000  			100.400			0.700			80264  		78643  		9000  		61292  		812940  		925148
	
104.000  			100.800			0.700			80264  		78643  		9000  		61156  		813076  		925284
	
103.000  			100.200			0.700			80264  		78643  		9000  		61372  		812852  		925068
	
103.971  			100.600			0.700			80264  		78643  		9000  		61340  		812884  		925100
	
103.000  			100.100			0.700			80264  		78643  		9000  		61372  		812852  		925068
	
103.000  			100.500			0.700			80264  		78643  		9000  		61404  		812820  		925036
	
103.971  			100.800			0.700			80264  		78643  		9000  		61388  		812836  		925052
	
104.000  			100.400			0.700			80264  		78643  		9000  		61312  		812904  		925128
	
103.000  			100.700			0.700			80264  		78643  		9000  		61404  		812812  		925036
	
103.000  			100.100			0.700			80264  		78643  		9000  		61464  		812752  		924976
	
103.962  			100.500			0.700			80264  		78643  		9000  		61368  		812848  		925072
	
103.000  			100.000			0.700			80264  		78643  		9000  		61368  		812840  		925072
	
104.000  			100.400			0.700			80264  		78643  		9000  		61408  		812800  		925032
	
104.000  			100.700			0.700			80264  		78643  		9000  		61384  		812824  		925056
	
103.000  			100.300			0.700			80264  		78643  		9000  		61508  		812692  		924932
	
103.000  			100.600			0.700			80264  		78643  		9000  		61408  		812792  		925032
	
103.000  			100.100			0.700			80264  		78643  		9000  		61388  		812812  		925052
	
103.000  			100.500			0.700			80264  		78643  		9000  		61424  		812776  		925016
	
103.000  			100.000			0.700			80264  		78643  		9000  		61372  		812828  		925068
	
104.000  			100.400			0.700			80264  		78643  		9000  		61408  		812784  		925032
	
104.000  			100.700			0.700			80264  		78643  		9000  		61372  		812820  		925068
	
103.000  			100.200			0.700			80264  		78643  		9000  		61160  		813032  		925280
	
103.971  			100.600			0.700			80264  		78643  		9000  		61308  		812884  		925132
	
104.000  			100.200			0.700			80264  		78643  		9000  		61396  		812784  		925044
	
104.000  			100.400			0.700			80264  		78643  		9000  		61440  		812740  		925000
	
104.000  			100.600			0.700			80264  		78643  		9000  		61296  		812884  		925144
	
103.971  			100.200			0.700			80264  		78643  		9000  		61368  		812812  		925072
	
104.000  			100.500			0.700			80264  		78643  		9000  		61708  		812472  		924732
	
103.000  			100.100			0.700			80264  		78643  		9000  		61648  		812524  		924792
	
103.000  			100.400			0.700			80264  		78643  		9000  		61292  		812880  		925148
	
103.000  			100.100			0.700			80264  		78643  		9000  		61580  		812592  		924860
	
103.971  			100.300			0.700			80264  		78643  		9000  		61488  		812676  		924952
	
104.000  			100.600			0.700			80264  		78643  		9000  		61548  		812624  		924892
	
105.000  			100.200			0.700			80264  		78643  		9000  		61648  		812524  		924792
	
103.000  			100.500			0.700			80264  		78643  		9000  		61692  		812480  		924748
	
103.000  			100.100			0.700			80264  		78643  		9000  		61736  		812424  		924704
	
103.000  			100.400			0.700			80264  		78643  		9000  		61432  		812728  		925008
	
104.962  			100.100			0.700			80264  		78643  		9000  		61484  		812676  		924956
	
104.000  			100.300			0.700			80264  		78643  		9000  		61568  		812592  		924872
	
104.000  			100.600			0.700			80264  		78643  		9000  		61604  		812548  		924836
	
104.000  			100.200			0.700			80264  		78643  		9000  		61656  		812496  		924784
	
104.971  			100.500			0.700			80264  		78643  		9000  		61596  		812556  		924844
	
103.000  			100.100			0.700			80264  		78643  		9000  		61628  		812524  		924812
	
103.000  			100.400			0.700			80264  		78643  		9000  		61464  		812688  		924976
	
103.000  			100.600			0.700			80264  		78643  		9000  		61604  		812540  		924836
	
103.000  			100.300			0.700			80264  		78643  		9000  		61612  		812532  		924828
	
