CPUProc			CPU  			MEM  			VSZ  		DRS  		RSS  		USED  		FREE  		AVAILABLE	
103.971  			110.800			0.700			80016  		78395  		8980  		62580  		808368  		923852
	
105.000  			113.800			0.700			80016  		78395  		8980  		62572  		808376  		923868
	
103.971  			118.600			0.700			80016  		78395  		8980  		62508  		808440  		923932
	
104.971  			107.800			0.700			80016  		78395  		8980  		62664  		808284  		923776
	
103.971  			111.200			0.700			80016  		78395  		8980  		62732  		808216  		923708
	
103.962  			105.600			0.700			80016  		78395  		8980  		62700  		808240  		923732
	
104.000  			107.800			0.700			80016  		78395  		8980  		62748  		808192  		923692
	
104.971  			103.700			0.700			80016  		78395  		8980  		62732  		808208  		923708
	
103.000  			104.900			0.700			80016  		78395  		8980  		62608  		808332  		923832
	
103.971  			107.700			0.700			80016  		78395  		8980  		62708  		808232  		923732
	
103.971  			104.300			0.700			80016  		78395  		8980  		62660  		808272  		923780
	
103.000  			106.100			0.700			80016  		78395  		8980  		62644  		808288  		923796
	
104.000  			103.200			0.700			80016  		78395  		8980  		62792  		808140  		923648
	
103.000  			104.700			0.700			80016  		78395  		8980  		62600  		808332  		923840
	
105.942  			102.300			0.700			80016  		78395  		8980  		62664  		808268  		923776
	
103.962  			103.400			0.700			80016  		78395  		8980  		62608  		808316  		923832
	
103.846  			104.300			0.700			80016  		78395  		8980  		62548  		808376  		923892
	
103.971  			102.800			0.700			80016  		78395  		8980  		62732  		808192  		923708
	
103.000  			104.100			0.700			80016  		78395  		8980  		62628  		808296  		923812
	
103.971  			102.300			0.700			80016  		78395  		8980  		62648  		808268  		923792
	
104.971  			102.900			0.700			80016  		78395  		8980  		62632  		808284  		923808
	
103.000  			103.800			0.700			80016  		78395  		8980  		62656  		808260  		923784
	
105.000  			102.700			0.700			80016  		78395  		8980  		62708  		808208  		923732
	
104.971  			103.600			0.700			80016  		78395  		8980  		62740  		808176  		923700
	
103.962  			102.300			0.700			80016  		78395  		8980  		62772  		808136  		923668
	
104.000  			102.500			0.700			80016  		78395  		8980  		62924  		807984  		923516
	
104.971  			101.900			0.700			80016  		78395  		8980  		62872  		808036  		923568
	
103.000  			102.400			0.700			80016  		78395  		8980  		62732  		808176  		923708
	
104.000  			103.300			0.700			80016  		78395  		8980  		62796  		808112  		923644
	
104.962  			102.200			0.700			80016  		78395  		8980  		62948  		807952  		923492
	
105.000  			102.200			0.700			80016  		78395  		8980  		62848  		808052  		923592
	
103.000  			101.900			0.700			80016  		78395  		8980  		62872  		808028  		923568
	
104.942  			102.100			0.700			80016  		78395  		8980  		62884  		808008  		923556
	
103.000  			101.500			0.700			80016  		78395  		8980  		62788  		808104  		923652
	
103.000  			102.100			0.700			80016  		78395  		8980  		62872  		808020  		923568
	
104.962  			103.000			0.700			80016  		78395  		8980  		62932  		807960  		923508
	
104.000  			102.000			0.700			80016  		78395  		8980  		62852  		808032  		923588
	
105.000  			102.000			0.700			80016  		78395  		8980  		62856  		808028  		923584
	
104.962  			101.700			0.700			80016  		78395  		8980  		62728  		808156  		923712
	
104.000  			102.000			0.700			80016  		78395  		8980  		62832  		808052  		923608
	
106.962  			101.500			0.700			80016  		78395  		8980  		62660  		808216  		923780
	
105.971  			102.000			0.700			80016  		78395  		8980  		62688  		808188  		923752
	
106.000  			102.000			0.700			80016  		78395  		8980  		62652  		808224  		923788
	
106.962  			101.800			0.700			80016  		78395  		8980  		62520  		808356  		923920
	
105.000  			102.000			0.700			80016  		78395  		8980  		62704  		808172  		923736
	
106.971  			101.700			0.700			80016  		78395  		8980  		62692  		808176  		923748
	
104.971  			101.900			0.700			80016  		78395  		8980  		62856  		808012  		923584
	
105.962  			101.400			0.700			80016  		78395  		8980  		62728  		808140  		923712
	
104.971  			101.900			0.700			80016  		78395  		8980  		62772  		808096  		923668
	
105.000  			101.900			0.700			80016  		78395  		8980  		62840  		808024  		923600
	
105.942  			101.800			0.700			80016  		78395  		8980  		62736  		808120  		923704
	
105.971  			101.900			0.700			80016  		78395  		8980  		62824  		808032  		923616
	
104.000  			101.600			0.700			80016  		78395  		8980  		62688  		808168  		923752
	
105.971  			101.900			0.700			80016  		78395  		8980  		62724  		808132  		923716
	
104.971  			101.900			0.700			80016  		78395  		8980  		62748  		808108  		923692
	
104.000  			101.900			0.700			80016  		78395  		8980  		62784  		808064  		923656
	
105.971  			101.900			0.700			80016  		78395  		8980  		62836  		808012  		923604
	
106.000  			101.800			0.700			80016  		78395  		8980  		62732  		808116  		923708
	
105.000  			101.900			0.700			80016  		78395  		8980  		62828  		808020  		923612
	
104.971  			101.600			0.700			80016  		78395  		8980  		62576  		808264  		923864
	
105.000  			101.900			0.700			80016  		78395  		8980  		62520  		808320  		923920
	
104.971  			101.900			0.700			80016  		78395  		8980  		62684  		808156  		923756
	
104.000  			101.800			0.700			80016  		78395  		8980  		62756  		808084  		923684
	
106.000  			101.800			0.700			80016  		78395  		8980  		62696  		808136  		923744
	
105.962  			101.700			0.700			80016  		78395  		8980  		62820  		808012  		923620
	
105.971  			101.800			0.700			80016  		78395  		8980  		62812  		808020  		923628
	
104.000  			101.500			0.700			80016  		78395  		8980  		62768  		808064  		923672
	
104.000  			101.800			0.700			80016  		78395  		8980  		62636  		808188  		923804
	
104.971  			101.800			0.700			80016  		78395  		8980  		62780  		808044  		923660
	
106.000  			101.800			0.700			80016  		78395  		8980  		62796  		808028  		923644
	
105.971  			101.800			0.700			80016  		78395  		8980  		62720  		808104  		923720
	
104.000  			101.600			0.700			80016  		78395  		8980  		62784  		808028  		923656
	
105.971  			101.800			0.700			80016  		78395  		8980  		62752  		808060  		923688
	
105.000  			101.500			0.700			80016  		78395  		8980  		62764  		808048  		923676
	
104.971  			101.800			0.700			80016  		78395  		8980  		62832  		807980  		923608
	
104.962  			101.800			0.700			80016  		78395  		8980  		62672  		808140  		923768
	
104.000  			101.800			0.700			80016  		78395  		8980  		62688  		808116  		923752
	
105.000  			101.800			0.700			80016  		78395  		8980  		62808  		807996  		923632
	
105.971  			101.600			0.700			80016  		78395  		8980  		62800  		808004  		923640
	
105.971  			101.800			0.700			80016  		78395  		8980  		62504  		808300  		923936
	
105.000  			101.500			0.700			80016  		78395  		8980  		62696  		808100  		923744
	
106.000  			101.800			0.700			80016  		78395  		8980  		62824  		807972  		923616
	
105.000  			101.800			0.700			80016  		78395  		8980  		62720  		808076  		923720
	
105.000  			101.700			0.700			80016  		78395  		8980  		62764  		808032  		923676
	
105.000  			101.800			0.700			80016  		78395  		8980  		62728  		808068  		923712
	
105.000  			101.600			0.700			80016  		78395  		8980  		62792  		807996  		923648
	
105.962  			101.800			0.700			80016  		78395  		8980  		62760  		808028  		923680
	
104.971  			101.500			0.700			80016  		78395  		8980  		62712  		808076  		923728
	
105.962  			101.800			0.700			80016  		78395  		8980  		62556  		808232  		923884
	
104.000  			101.800			0.700			80016  		78395  		8980  		62788  		808000  		923652
	
105.000  			101.700			0.700			80016  		78395  		8980  		62752  		808024  		923688
	
106.971  			101.800			0.700			80016  		78395  		8980  		62832  		807944  		923608
	
105.000  			101.600			0.700			80016  		78395  		8980  		62684  		808092  		923756
	
106.000  			101.800			0.700			80016  		78395  		8980  		62776  		808000  		923664
	
105.971  			101.500			0.700			80016  		78395  		8980  		62976  		807788  		923464
	
104.942  			101.800			0.700			80016  		78395  		8980  		62848  		807916  		923592
	
105.000  			101.800			0.700			80016  		78395  		8980  		62768  		807996  		923672
	
104.971  			101.600			0.700			80016  		78395  		8980  		62796  		807964  		923644
	
104.000  			101.800			0.700			80016  		78395  		8980  		62920  		807840  		923520
	
105.971  			101.600			0.700			80016  		78395  		8980  		63032  		807720  		923408
	
104.971  			101.700			0.700			80016  		78395  		8980  		62920  		807832  		923520
	
104.000  			101.700			0.700			80016  		78395  		8980  		62812  		807940  		923628
	
105.971  			101.700			0.700			80016  		78395  		8980  		63024  		807728  		923416
	
105.000  			101.700			0.700			80016  		78395  		8980  		63024  		807728  		923416
	
104.000  			101.600			0.700			80016  		78395  		8980  		63024  		807720  		923416
	
105.000  			101.700			0.700			80016  		78395  		8980  		62956  		807788  		923484
	
105.971  			101.500			0.700			80016  		78395  		8980  		62888  		807856  		923552
	
105.000  			101.700			0.700			80016  		78395  		8980  		63080  		807664  		923360
	
106.000  			101.700			0.700			80016  		78395  		8980  		62964  		807780  		923476
	
104.000  			101.700			0.700			80016  		78395  		8980  		63072  		807672  		923368
	
106.000  			101.700			0.700			80016  		78395  		8980  		62908  		807828  		923532
	
106.971  			101.600			0.700			80016  		78395  		8980  		62872  		807864  		923568
	
105.000  			101.700			0.700			80016  		78395  		8980  		63016  		807720  		923424
	
105.000  			101.500			0.700			80016  		78395  		8980  		62956  		807780  		923484
	
105.971  			101.700			0.700			80016  		78395  		8980  		62832  		807904  		923608
	
106.923  			101.700			0.700			80016  		78395  		8980  		62916  		807812  		923524
	
106.000  			101.700			0.700			80016  		78395  		8980  		62944  		807784  		923496
	
105.000  			101.700			0.700			80016  		78395  		8980  		62988  		807740  		923452
	
105.000  			101.600			0.700			80016  		78395  		8980  		62728  		807992  		923712
	
105.971  			101.700			0.700			80016  		78395  		8980  		63052  		807668  		923388
	
