CPUProc			CPU  			MEM  			VSZ  		DRS  		RSS  		USED  		FREE  		AVAILABLE	
105.000  			109.600			0.700			80220  		78599  		8552  		62132  		809268  		924308
	
106.971  			114.800			0.700			80220  		78599  		8552  		62112  		809288  		924328
	
104.000  			104.600			0.700			80220  		78599  		8552  		62080  		809320  		924360
	
105.000  			109.000			0.700			80220  		78599  		8552  		62040  		809360  		924400
	
104.971  			103.300			0.700			80220  		78599  		8552  		62064  		809336  		924376
	
105.000  			105.900			0.700			80220  		78599  		8552  		62152  		809240  		924288
	
105.000  			101.500			0.700			80220  		78599  		8552  		62080  		809312  		924360
	
105.000  			104.000			0.700			80220  		78599  		8552  		62124  		809268  		924316
	
105.000  			105.600			0.700			80220  		78599  		8552  		62124  		809268  		924316
	
105.000  			102.700			0.700			80220  		78599  		8552  		62128  		809256  		924304
	
104.962  			104.900			0.700			80220  		78599  		8552  		62144  		809240  		924296
	
104.000  			102.000			0.700			80220  		78599  		8552  		62092  		809292  		924348
	
105.000  			103.700			0.700			80220  		78599  		8552  		62164  		809220  		924276
	
105.000  			101.300			0.700			80220  		78599  		8552  		62192  		809192  		924248
	
104.000  			102.800			0.700			80220  		78599  		8552  		62384  		808992  		924056
	
104.971  			103.900			0.700			80220  		78599  		8552  		62484  		808892  		923956
	
105.000  			102.200			0.700			80220  		78599  		8552  		62196  		809180  		924244
	
105.000  			103.600			0.700			80220  		78599  		8552  		62368  		809008  		924072
	
106.000  			101.700			0.700			80220  		78599  		8552  		62388  		808980  		924052
	
104.000  			103.000			0.700			80220  		78599  		8552  		62412  		808956  		924028
	
105.000  			101.200			0.700			80220  		78599  		8552  		62352  		809016  		924088
	
104.000  			102.400			0.700			80220  		78599  		8552  		62368  		809000  		924072
	
106.000  			103.200			0.700			80220  		78599  		8552  		62296  		809072  		924144
	
105.000  			101.900			0.700			80220  		78599  		8552  		62360  		809000  		924080
	
106.000  			103.000			0.700			80220  		78599  		8552  		62312  		809048  		924128
	
105.000  			101.500			0.700			80220  		78599  		8552  		62380  		808980  		924060
	
104.000  			102.500			0.700			80220  		78599  		8552  		62212  		809148  		924228
	
105.000  			102.900			0.700			80220  		78599  		8552  		62224  		809128  		924216
	
104.000  			102.100			0.700			80220  		78599  		8552  		62300  		809052  		924140
	
104.000  			102.800			0.700			80220  		78599  		8552  		62408  		808944  		924032
	
104.000  			101.700			0.700			80220  		78599  		8552  		62376  		808976  		924064
	
105.000  			102.600			0.700			80220  		78599  		8552  		62140  		809204  		924300
	
104.000  			101.500			0.700			80220  		78599  		8552  		62516  		808828  		923924
	
106.000  			102.200			0.700			80220  		78599  		8552  		62476  		808868  		923964
	
105.000  			102.600			0.700			80220  		78599  		8552  		62600  		808744  		923840
	
106.000  			101.900			0.700			80220  		78599  		8552  		62568  		808768  		923872
	
104.000  			102.500			0.700			80220  		78599  		8552  		62644  		808684  		923796
	
104.000  			101.700			0.700			80220  		78599  		8552  		62720  		808608  		923720
	
104.000  			102.300			0.700			80220  		78599  		8552  		62592  		808736  		923848
	
105.000  			101.400			0.700			80220  		78599  		8552  		62532  		808796  		923908
	
104.000  			102.100			0.700			80220  		78599  		8552  		62392  		808928  		924048
	
105.000  			101.200			0.700			80220  		78599  		8552  		62524  		808796  		923916
	
105.000  			101.800			0.700			80220  		78599  		8552  		62520  		808800  		923920
	
106.000  			102.300			0.700			80220  		78599  		8552  		62548  		808772  		923892
	
105.000  			101.600			0.700			80220  		78599  		8552  		62520  		808792  		923920
	
105.000  			102.200			0.700			80220  		78599  		8552  		62636  		808676  		923804
	
105.000  			101.400			0.700			80220  		78599  		8552  		62576  		808736  		923864
	
106.000  			102.000			0.700			80220  		78599  		8552  		62596  		808716  		923844
	
105.962  			101.300			0.700			80220  		78599  		8552  		62556  		808752  		923884
	
106.000  			101.800			0.700			80220  		78599  		8552  		62556  		808744  		923884
	
104.000  			102.200			0.700			80220  		78599  		8552  		62556  		808744  		923884
	
106.000  			101.600			0.700			80220  		78599  		8552  		62580  		808720  		923860
	
104.000  			102.100			0.700			80220  		78599  		8552  		62584  		808716  		923856
	
105.000  			101.400			0.700			80220  		78599  		8552  		62496  		808804  		923944
	
105.000  			102.000			0.700			80220  		78599  		8552  		62516  		808776  		923924
	
105.000  			101.300			0.700			80220  		78599  		8552  		62456  		808836  		923984
	
105.000  			101.700			0.700			80220  		78599  		8552  		62480  		808812  		923960
	
106.000  			102.100			0.700			80220  		78599  		8552  		62476  		808816  		923964
	
105.971  			101.600			0.700			80220  		78599  		8552  		62524  		808760  		923916
	
105.000  			102.100			0.700			80220  		78599  		8552  		62608  		808676  		923832
	
105.000  			101.400			0.700			80220  		78599  		8552  		62488  		808796  		923952
	
105.000  			101.900			0.700			80220  		78599  		8552  		62616  		808668  		923824
	
104.000  			101.300			0.700			80220  		78599  		8552  		62496  		808788  		923944
	
104.000  			101.700			0.700			80220  		78599  		8552  		62788  		808484  		923652
	
105.000  			102.100			0.700			80220  		78599  		8552  		62656  		808616  		923784
	
105.000  			101.500			0.700			80220  		78599  		8552  		62820  		808452  		923620
	
105.000  			102.000			0.700			80220  		78599  		8552  		62736  		808536  		923704
	
105.000  			101.400			0.700			80220  		78599  		8552  		62732  		808532  		923708
	
105.000  			101.800			0.700			80220  		78599  		8552  		62840  		808424  		923600
	
106.971  			101.300			0.700			80220  		78599  		8552  		62788  		808476  		923652
	
106.000  			101.700			0.700			80220  		78599  		8552  		62744  		808520  		923696
	
105.000  			102.000			0.700			80220  		78599  		8552  		62788  		808476  		923652
	
105.000  			101.600			0.700			80220  		78599  		8552  		62732  		808524  		923708
	
106.962  			102.000			0.700			80220  		78599  		8552  		62884  		808372  		923556
	
105.000  			101.400			0.700			80220  		78599  		8552  		62748  		808508  		923692
	
104.000  			101.800			0.700			80220  		78599  		8552  		62820  		808436  		923620
	
104.000  			101.300			0.700			80220  		78599  		8552  		62788  		808468  		923652
	
104.000  			101.700			0.700			80220  		78599  		8552  		62620  		808628  		923820
	
105.000  			102.000			0.700			80220  		78599  		8552  		62668  		808580  		923772
	
105.971  			101.500			0.700			80220  		78599  		8552  		62776  		808472  		923664
	
106.000  			101.900			0.700			80220  		78599  		8552  		62656  		808592  		923784
	
106.000  			101.400			0.700			80220  		78599  		8552  		62856  		808384  		923584
	
106.000  			101.700			0.700			80220  		78599  		8552  		62708  		808532  		923732
	
105.000  			101.300			0.700			80220  		78599  		8552  		62788  		808452  		923652
	
105.000  			101.600			0.700			80220  		78599  		8552  		62704  		808536  		923736
	
104.000  			101.900			0.700			80220  		78599  		8552  		62744  		808496  		923696
	
105.000  			101.500			0.700			80220  		78599  		8552  		62636  		808596  		923804
	
105.000  			101.900			0.700			80220  		78599  		8552  		62848  		808384  		923592
	
104.000  			101.400			0.700			80220  		78599  		8552  		62916  		808316  		923524
	
104.000  			101.800			0.700			80220  		78599  		8552  		62796  		808444  		923644
	
106.000  			101.300			0.700			80220  		78599  		8552  		62712  		808528  		923728
	
105.000  			101.700			0.700			80220  		78599  		8552  		62712  		808520  		923728
	
105.000  			101.900			0.700			80220  		78599  		8552  		62624  		808608  		923816
	
105.000  			101.600			0.700			80220  		78599  		8552  		62720  		808512  		923720
	
105.000  			101.900			0.700			80220  		78599  		8552  		62700  		808532  		923740
	
105.000  			101.500			0.700			80220  		78599  		8552  		62564  		808660  		923876
	
106.000  			101.800			0.700			80220  		78599  		8552  		62808  		808416  		923632
	
105.000  			101.400			0.700			80220  		78599  		8552  		62684  		808536  		923756
	
105.000  			101.600			0.700			80220  		78599  		8552  		62472  		808748  		923968
	
105.000  			101.800			0.700			80220  		78599  		8552  		62444  		808768  		923996
	
106.971  			101.500			0.700			80220  		78599  		8552  		62508  		808704  		923932
	
105.000  			101.800			0.700			80220  		78599  		8552  		62500  		808712  		923940
	
104.971  			101.400			0.700			80220  		78599  		8552  		62424  		808788  		924016
	
104.962  			101.700			0.700			80220  		78599  		8552  		62776  		808436  		923664
	
104.000  			101.300			0.700			80220  		78599  		8552  		62712  		808492  		923728
	
105.000  			101.600			0.700			80220  		78599  		8552  		62636  		808568  		923804
	
104.000  			101.800			0.700			80220  		78599  		8552  		62696  		808508  		923744
	
105.000  			101.500			0.700			80220  		78599  		8552  		62424  		808772  		924016
	
106.000  			101.800			0.700			80220  		78599  		8552  		62728  		808468  		923712
	
105.000  			101.400			0.700			80220  		78599  		8552  		62812  		808384  		923628
	
105.000  			101.700			0.700			80220  		78599  		8552  		62648  		808548  		923792
	
105.000  			101.300			0.700			80220  		78599  		8552  		62668  		808520  		923772
	
105.000  			101.600			0.700			80220  		78599  		8552  		62812  		808376  		923628
	
106.000  			101.800			0.700			80220  		78599  		8552  		62652  		808536  		923788
	
106.000  			101.500			0.700			80220  		78599  		8552  		62752  		808436  		923688
	
105.000  			101.800			0.700			80220  		78599  		8552  		62652  		808528  		923788
	
106.000  			101.400			0.700			80220  		78599  		8552  		62704  		808476  		923736
	
105.000  			101.700			0.700			80220  		78599  		8552  		62672  		808508  		923768
	
104.000  			101.400			0.700			80220  		78599  		8552  		62664  		808516  		923776
	
106.000  			101.600			0.700			80220  		78599  		8552  		62688  		808484  		923752
	
