CPUProc			CPU  			MEM  			VSZ  		DRS  		RSS  		USED  		FREE  		AVAILABLE	
0.000  			0.200			1.200			31068  		31046  		13412  		57888  		810824  		928552
	
8.854  			3.100			1.200			31068  		31046  		13412  		58020  		810684  		928420
	
3.942  			5.700			1.200			96720  		96698  		14200  		58200  		810504  		928240
	
3.942  			4.600			1.200			96720  		96698  		14200  		57516  		811188  		928924
	
2.971  			4.700			1.200			96720  		96698  		14200  		57724  		810980  		928716
	
4.971  			4.200			1.200			96720  		96698  		14200  		57460  		811236  		928980
	
3.980  			4.000			1.200			96720  		96698  		14200  		57472  		811224  		928968
	
2.971  			4.100			1.200			96720  		96698  		14200  		57680  		811016  		928760
	
2.971  			4.300			1.200			96720  		96698  		14200  		57664  		811032  		928776
	
1.000  			4.000			1.200			96720  		96698  		14200  		57620  		811076  		928820
	
3.942  			4.000			1.200			96720  		96698  		14200  		57808  		810880  		928632
	
5.961  			4.000			1.200			105940  		105918  		14200  		57460  		811228  		928980
	
2.000  			3.900			1.200			105940  		105918  		14200  		57588  		811100  		928852
	
3.913  			4.000			1.200			105940  		105918  		14200  		57740  		810940  		928692
	
4.913  			4.000			1.200			105940  		105918  		14200  		57696  		810984  		928744
	
3.980  			3.800			1.200			105940  		105918  		14200  		57788  		810892  		928652
	
1.971  			4.000			1.200			105940  		105918  		14200  		57760  		810920  		928680
	
3.962  			4.000			1.200			105940  		105918  		14200  		57568  		811112  		928872
	
2.000  			3.800			1.200			105940  		105918  		14200  		57996  		810684  		928444
	
4.000  			3.800			1.200			105940  		105918  		14200  		57824  		810848  		928616
	
3.942  			3.800			1.200			105940  		105918  		14200  		57876  		810796  		928564
	
4.971  			3.800			1.200			105940  		105918  		14200  		58008  		810656  		928432
	
2.971  			3.900			1.200			105940  		105918  		14200  		58028  		810628  		928412
	
2.971  			4.000			1.200			105940  		105918  		14200  		57948  		810708  		928492
	
3.000  			3.900			1.200			105940  		105918  		14200  		58040  		810608  		928400
	
4.980  			3.800			1.200			105940  		105918  		14200  		57984  		810664  		928456
	
3.000  			3.900			1.300			106200  		106178  		14356  		58004  		810628  		928428
	
2.980  			3.700			1.300			106200  		106178  		14356  		57912  		810720  		928528
	
3.942  			3.900			1.300			106200  		106178  		14356  		58060  		810572  		928380
	
4.000  			3.800			1.300			106200  		106178  		14356  		58160  		810464  		928280
	
3.913  			3.900			1.300			106200  		106178  		14356  		58236  		810388  		928204
	
2.980  			3.800			1.300			106200  		106178  		14356  		58360  		810256  		928080
	
2.980  			3.900			1.300			106200  		106178  		14356  		58352  		810256  		928088
	
3.971  			3.800			1.300			106200  		106178  		14356  		58244  		810364  		928196
	
1.971  			3.800			1.300			106200  		106178  		14356  		58500  		810092  		927940
	
3.942  			3.900			1.300			106200  		106178  		14356  		58480  		810112  		927960
	
2.000  			3.800			1.300			106200  		106178  		14356  		58576  		810008  		927864
	
3.942  			3.800			1.300			106200  		106178  		14356  		58476  		810108  		927964
	
4.980  			3.900			1.300			106200  		106178  		14356  		58680  		809896  		927760
	
3.942  			3.800			1.300			106200  		106178  		14356  		58604  		809956  		927836
	
4.961  			3.800			1.300			106200  		106178  		14356  		58688  		809872  		927752
	
3.980  			3.900			1.300			106200  		106178  		14356  		58596  		809956  		927836
	
3.000  			3.800			1.300			106200  		106178  		14356  		58756  		809788  		927684
	
3.000  			3.800			1.400			106200  		106178  		14584  		58592  		809952  		927848
	
3.000  			3.800			1.400			106200  		106178  		14584  		58632  		809904  		927808
	
3.971  			3.800			1.400			106200  		106178  		14584  		58868  		809652  		927572
	
4.961  			3.800			1.400			106200  		106178  		14584  		58996  		809516  		927444
	
3.971  			3.800			1.400			106200  		106178  		14584  		58988  		809524  		927452
	
3.000  			3.800			1.400			106200  		106178  		14584  		58992  		809512  		927448
	
5.000  			3.800			1.400			106200  		106178  		14584  		59180  		809316  		927260
	
3.971  			3.800			1.400			106200  		106178  		14584  		59072  		809412  		927368
	
2.971  			3.800			1.400			106200  		106178  		14584  		59044  		809424  		927396
	
4.000  			3.800			1.400			106200  		106178  		14584  		58996  		809472  		927444
	
3.971  			3.800			1.400			106200  		106178  		14584  		59140  		809316  		927296
	
4.971  			3.800			1.400			106200  		106178  		14584  		59096  		809348  		927344
	
3.942  			3.800			1.400			106200  		106178  		14584  		59232  		809212  		927208
	
3.913  			3.800			1.400			106332  		106310  		14584  		59248  		809196  		927192
	
3.942  			3.800			1.400			106464  		106442  		14584  		59436  		808992  		927004
	
2.913  			3.800			1.400			106464  		106442  		14584  		59216  		809212  		927224
	
2.971  			3.800			1.400			106464  		106442  		14584  		59408  		809004  		927032
	
4.942  			3.800			1.400			106464  		106442  		14584  		59320  		809084  		927120
	
2.971  			3.800			1.400			106464  		106442  		14584  		59384  		809012  		927056
	
4.971  			3.800			1.400			106464  		106442  		14584  		59456  		808940  		926984
	
4.000  			3.800			1.400			106464  		106442  		14584  		59732  		808648  		926708
	
2.971  			3.800			1.400			106464  		106442  		14584  		59612  		808768  		926828
	
3.971  			3.800			1.400			106464  		106442  		14584  		59680  		808692  		926760
	
3.971  			3.800			1.400			106464  		106442  		14584  		59444  		808920  		926996
	
4.971  			3.800			1.400			106464  		106442  		14584  		59680  		808676  		926760
	
3.971  			3.800			1.400			106464  		106442  		14584  		59884  		808456  		926548
	
3.971  			3.800			1.400			106464  		106442  		14584  		60092  		808248  		926348
	
2.000  			3.800			1.400			106464  		106442  		14584  		60000  		808332  		926440
	
4.942  			3.800			1.400			106464  		106442  		14584  		59968  		808356  		926472
	
2.971  			3.800			1.400			106464  		106442  		14584  		60032  		808284  		926408
	
2.000  			3.800			1.400			106464  		106442  		14584  		60100  		808208  		926340
	
3.961  			3.800			1.400			106464  		106442  		14584  		59860  		808432  		926580
	
3.000  			3.800			1.400			106464  		106442  		14584  		60004  		808280  		926436
	
3.000  			3.800			1.400			106464  		106442  		14584  		60008  		808268  		926432
	
2.971  			3.800			1.400			106464  		106442  		14584  		60376  		807892  		926064
	
3.942  			3.800			1.400			106464  		106442  		14584  		60348  		807920  		926092
	
3.942  			3.800			1.400			106464  		106442  		14584  		60308  		807960  		926132
	
3.971  			3.800			1.400			106464  		106442  		14584  		60308  		807952  		926132
	
2.971  			3.800			1.400			106464  		106442  		14584  		60316  		807944  		926124
	
3.942  			3.800			1.400			106464  		106442  		14584  		60372  		807880  		926068
	
2.971  			3.800			1.400			106464  		106442  		14584  		60304  		807940  		926136
	
2.000  			3.800			1.400			106464  		106442  		14584  		60292  		807944  		926148
	
2.980  			3.800			1.400			106596  		106574  		14584  		60404  		807832  		926036
	
3.980  			3.800			1.400			106596  		106574  		14584  		60476  		807736  		925956
	
3.942  			3.800			1.400			106724  		106702  		14844  		60572  		807640  		925868
	
3.971  			3.800			1.400			106724  		106702  		14844  		60632  		807572  		925808
	
3.942  			3.800			1.400			106724  		106702  		14844  		60584  		807612  		925856
	
3.971  			3.800			1.400			106724  		106702  		14844  		60588  		807600  		925852
	
2.971  			3.800			1.400			106724  		106702  		14844  		60832  		807348  		925608
	
3.961  			3.800			1.400			106724  		106702  		14844  		60840  		807332  		925600
	
2.971  			3.800			1.400			106724  		106702  		14844  		60980  		807192  		925460
	
2.971  			3.800			1.400			106724  		106702  		14844  		60908  		807248  		925532
	
2.971  			3.800			1.400			106724  		106702  		14844  		60816  		807332  		925624
	
2.980  			3.800			1.400			106724  		106702  		14844  		60896  		807252  		925544
	
2.980  			3.800			1.400			106724  		106702  		14844  		61080  		807052  		925360
	
4.942  			3.800			1.400			106724  		106702  		14844  		61276  		806852  		925160
	
2.971  			3.800			1.400			106724  		106702  		14844  		61412  		806700  		925028
	
4.971  			3.800			1.400			106724  		106702  		14844  		61312  		806792  		925128
	
5.000  			3.800			1.400			106724  		106702  		14844  		61504  		806608  		924936
	
4.942  			3.800			1.400			106724  		106702  		14844  		61576  		806528  		924864
	
3.942  			3.800			1.400			106724  		106702  		15108  		61772  		806332  		924668
	
3.000  			3.800			1.400			106724  		106702  		15108  		61532  		806556  		924908
	
5.942  			3.800			1.400			106724  		106702  		15108  		61544  		806536  		924896
	
3.942  			3.800			1.400			106724  		106702  		15108  		61696  		806376  		924744
	
3.000  			3.800			1.400			106724  		106702  		15108  		61804  		806260  		924636
	
3.000  			3.800			1.400			106724  		106702  		15108  		61896  		806160  		924536
	
2.961  			3.800			1.400			106724  		106702  		15108  		61756  		806292  		924684
	
2.971  			3.800			1.400			106724  		106702  		15108  		61908  		806132  		924532
	
3.961  			3.800			1.400			106724  		106702  		15108  		61864  		806176  		924576
	
3.942  			3.800			1.400			106724  		106702  		15108  		61756  		806276  		924684
	
3.000  			3.800			1.400			106724  		106702  		15108  		61856  		806160  		924576
	
3.942  			3.800			1.400			106724  		106702  		15108  		61960  		806048  		924480
	
3.942  			3.800			1.400			106724  		106702  		15108  		62076  		805932  		924364
	
2.980  			3.800			1.400			106984  		106830  		15108  		61808  		806192  		924632
	
5.913  			3.800			1.400			106984  		106962  		15108  		62080  		805912  		924360
	
4.913  			3.800			1.400			106984  		106962  		15108  		62352  		805640  		924088
	
3.000  			3.800			1.400			106984  		106962  		15108  		62176  		805792  		924264
	
