CPUProc			CPU  			MEM  			VSZ  		DRS  		RSS  		USED  		FREE  		AVAILABLE	
0.000  			4.000			1.200			31068  		31046  		13572  		58068  		812188  		928372
	
5.980  			2.000			1.200			31068  		31046  		13572  		58368  		811888  		928072
	
0.000  			2.800			1.200			104916  		104894  		14376  		58864  		811392  		927576
	
1.000  			1.800			1.200			104916  		104894  		14376  		58432  		811824  		928008
	
0.000  			1.500			1.200			104916  		104894  		14376  		58312  		811944  		928128
	
0.000  			1.300			1.200			104916  		104894  		14376  		58644  		811608  		927792
	
0.000  			1.000			1.200			104916  		104894  		14376  		58608  		811636  		927832
	
1.000  			1.000			1.200			104916  		104894  		14376  		58624  		811620  		927816
	
0.000  			0.900			1.200			104916  		104894  		14376  		58520  		811724  		927920
	
0.000  			0.800			1.200			104916  		104894  		14376  		58684  		811560  		927756
	
0.000  			0.700			1.200			104916  		104894  		14376  		58588  		811648  		927844
	
0.971  			0.700			1.200			104916  		104894  		14376  		58556  		811680  		927884
	
0.000  			0.600			1.200			104916  		104894  		14376  		58644  		811592  		927796
	
0.000  			0.500			1.200			104916  		104894  		14376  		58576  		811660  		927864
	
0.000  			0.500			1.200			104916  		104894  		14376  		58620  		811616  		927820
	
0.000  			0.400			1.200			104916  		104894  		14376  		58568  		811660  		927864
	
0.000  			0.400			1.200			104916  		104894  		14376  		58616  		811612  		927824
	
0.000  			0.400			1.200			104916  		104894  		14376  		58720  		811508  		927720
	
0.000  			0.300			1.200			104916  		104894  		14376  		58440  		811788  		928000
	
0.000  			0.400			1.200			104916  		104894  		14376  		58480  		811748  		927960
	
1.971  			0.300			1.200			104916  		104894  		14376  		58620  		811600  		927820
	
0.000  			0.400			1.200			104916  		104894  		14376  		58560  		811660  		927880
	
1.000  			0.400			1.200			104916  		104894  		14376  		58568  		811652  		927872
	
0.000  			0.300			1.200			104916  		104894  		14376  		58608  		811612  		927832
	
0.000  			0.300			1.200			104916  		104894  		14376  		58608  		811604  		927832
	
0.971  			0.300			1.200			104916  		104894  		14376  		58472  		811740  		927968
	
0.000  			0.300			1.200			104916  		104894  		14376  		58608  		811604  		927832
	
0.000  			0.300			1.200			104916  		104894  		14376  		58600  		811612  		927840
	
0.000  			0.300			1.200			104916  		104894  		14376  		58572  		811632  		927868
	
0.000  			0.300			1.200			104916  		104894  		14376  		58644  		811560  		927796
	
0.000  			0.300			1.200			104916  		104894  		14376  		58644  		811560  		927796
	
1.000  			0.300			1.200			104916  		104894  		14376  		58692  		811512  		927748
	
0.000  			0.300			1.200			104916  		104894  		14376  		58568  		811636  		927872
	
0.000  			0.300			1.200			104916  		104894  		14376  		58672  		811524  		927760
	
0.000  			0.300			1.200			104916  		104894  		14376  		58612  		811584  		927820
	
1.000  			0.300			1.200			104916  		104894  		14376  		58484  		811712  		927956
	
0.000  			0.300			1.200			104916  		104894  		14376  		58560  		811636  		927880
	
1.000  			0.300			1.200			104916  		104894  		14376  		58704  		811492  		927736
	
0.000  			0.300			1.200			104916  		104894  		14376  		58456  		811740  		927984
	
0.000  			0.300			1.200			104916  		104894  		14376  		58640  		811548  		927800
	
0.000  			0.300			1.200			104916  		104894  		14376  		58552  		811636  		927888
	
0.000  			0.300			1.200			104916  		104894  		14376  		58544  		811644  		927896
	
0.000  			0.300			1.200			104916  		104894  		14376  		58604  		811584  		927836
	
0.000  			0.300			1.200			104916  		104894  		14376  		58436  		811752  		928004
	
0.000  			0.300			1.200			104916  		104894  		14376  		58628  		811552  		927812
	
0.000  			0.300			1.200			104916  		104894  		14376  		58520  		811660  		927920
	
0.000  			0.300			1.200			104916  		104894  		14376  		58596  		811584  		927844
	
0.000  			0.300			1.200			104916  		104894  		14376  		58564  		811616  		927876
	
0.980  			0.300			1.200			104916  		104894  		14376  		58548  		811632  		927892
	
0.000  			0.300			1.200			104916  		104894  		14376  		58644  		811524  		927796
	
0.971  			0.300			1.200			104916  		104894  		14376  		58488  		811680  		927952
	
0.000  			0.300			1.200			104916  		104894  		14376  		58524  		811644  		927916
	
1.000  			0.300			1.200			104916  		104894  		14376  		58404  		811764  		928036
	
0.000  			0.300			1.200			104916  		104894  		14376  		58516  		811652  		927924
	
0.000  			0.300			1.200			104916  		104894  		14376  		58424  		811736  		928016
	
0.000  			0.300			1.200			104916  		104894  		14376  		58408  		811752  		928032
	
0.971  			0.300			1.200			104916  		104894  		14376  		58500  		811660  		927940
	
0.000  			0.300			1.200			104916  		104894  		14376  		58412  		811740  		928028
	
0.000  			0.300			1.200			104916  		104894  		14376  		58484  		811668  		927956
	
0.000  			0.300			1.200			104916  		104894  		14376  		58512  		811640  		927928
	
1.971  			0.300			1.200			104916  		104894  		14376  		58560  		811592  		927880
	
0.000  			0.300			1.200			104916  		104894  		14376  		58460  		811684  		927976
	
0.000  			0.300			1.200			104916  		104894  		14376  		58356  		811788  		928084
	
0.000  			0.300			1.200			104916  		104894  		14376  		58336  		811808  		928104
	
0.000  			0.300			1.200			104916  		104894  		14376  		58460  		811684  		927980
	
0.000  			0.300			1.200			104916  		104894  		14376  		58568  		811576  		927872
	
0.000  			0.300			1.200			104916  		104894  		14376  		58416  		811720  		928024
	
0.000  			0.300			1.200			104916  		104894  		14376  		58516  		811620  		927924
	
0.000  			0.200			1.200			104916  		104894  		14376  		58292  		811844  		928148
	
1.000  			0.200			1.200			104916  		104894  		14376  		58516  		811620  		927924
	
0.000  			0.300			1.200			104916  		104894  		14376  		58544  		811584  		927888
	
0.000  			0.300			1.200			104916  		104894  		14376  		58456  		811672  		927984
	
0.000  			0.300			1.200			104916  		104894  		14376  		58412  		811716  		928028
	
0.000  			0.300			1.200			104916  		104894  		14376  		58252  		811876  		928188
	
0.000  			0.300			1.200			104916  		104894  		14376  		58292  		811836  		928148
	
0.971  			0.300			1.200			104916  		104894  		14376  		58472  		811648  		927964
	
0.000  			0.200			1.200			104916  		104894  		14376  		58484  		811636  		927956
	
0.000  			0.200			1.200			104916  		104894  		14376  		58388  		811732  		928052
	
0.000  			0.200			1.200			104916  		104894  		14376  		58324  		811796  		928116
	
0.971  			0.200			1.200			104916  		104894  		14376  		58296  		811824  		928144
	
1.000  			0.200			1.200			104916  		104894  		14376  		58364  		811756  		928076
	
0.000  			0.300			1.200			104916  		104894  		14376  		58612  		811500  		927828
	
0.000  			0.300			1.200			104916  		104894  		14376  		58568  		811544  		927872
	
0.000  			0.200			1.200			104916  		104894  		14376  		58404  		811708  		928036
	
0.000  			0.200			1.200			104916  		104894  		14376  		58584  		811520  		927848
	
0.000  			0.200			1.200			104916  		104894  		14376  		58492  		811612  		927948
	
0.980  			0.200			1.200			104916  		104894  		14376  		58448  		811656  		927992
	
0.000  			0.200			1.200			104916  		104894  		14376  		58536  		811568  		927904
	
0.000  			0.300			1.200			104916  		104894  		14376  		58484  		811620  		927956
	
0.000  			0.300			1.200			104916  		104894  		14376  		58480  		811620  		927956
	
0.000  			0.300			1.200			104916  		104894  		14376  		58536  		811560  		927904
	
0.000  			0.200			1.200			104916  		104894  		14376  		58612  		811484  		927828
	
0.000  			0.200			1.200			104916  		104894  		14376  		58468  		811628  		927972
	
0.000  			0.200			1.200			104916  		104894  		14376  		58324  		811772  		928116
	
0.000  			0.200			1.200			104916  		104894  		14376  		58332  		811756  		928108
	
0.000  			0.200			1.200			104916  		104894  		14376  		58320  		811768  		928120
	
0.000  			0.200			1.200			104916  		104894  		14376  		58664  		811424  		927776
	
0.000  			0.200			1.200			104916  		104894  		14376  		58408  		811680  		928032
	
0.000  			0.200			1.200			104916  		104894  		14376  		58168  		811912  		928264
	
0.000  			0.200			1.200			104916  		104894  		14376  		58452  		811624  		927988
	
0.000  			0.200			1.200			104916  		104894  		14376  		58496  		811580  		927944
	
1.000  			0.200			1.200			104916  		104894  		14376  		58528  		811548  		927912
	
0.000  			0.200			1.200			104916  		104894  		14376  		58556  		811520  		927884
	
1.000  			0.200			1.200			104916  		104894  		14376  		58268  		811800  		928172
	
0.000  			0.200			1.200			104916  		104894  		14376  		58468  		811600  		927972
	
1.000  			0.200			1.200			104916  		104894  		14376  		58592  		811476  		927848
	
0.000  			0.200			1.200			104916  		104894  		14376  		58384  		811684  		928056
	
0.000  			0.200			1.200			104916  		104894  		14376  		58540  		811520  		927892
	
0.000  			0.200			1.200			104916  		104894  		14376  		58584  		811476  		927848
	
0.971  			0.200			1.200			104916  		104894  		14376  		58580  		811480  		927852
	
0.000  			0.200			1.200			104916  		104894  		14376  		58608  		811452  		927832
	
0.000  			0.200			1.200			104916  		104894  		14376  		58520  		811540  		927920
	
0.000  			0.200			1.200			104916  		104894  		14376  		58444  		811608  		927988
	
0.000  			0.200			1.200			104916  		104894  		14376  		58484  		811568  		927956
	
1.942  			0.200			1.200			104916  		104894  		14376  		58608  		811444  		927832
	
0.000  			0.200			1.200			104916  		104894  		14376  		58664  		811388  		927776
	
0.000  			0.200			1.200			104916  		104894  		14376  		58592  		811452  		927840
	
0.000  			0.200			1.200			104916  		104894  		14376  		58524  		811520  		927916
	
1.000  			0.200			1.200			104916  		104894  		14376  		58432  		811612  		928008
	
0.971  			0.200			1.200			104916  		104894  		14376  		58548  		811496  		927892
	
