CPUProc			CPU  			MEM  			VSZ  		DRS  		RSS  		USED  		FREE  		AVAILABLE	
     		     		     		     		     		     		59652		851364		926760
	
     		     		     		     		     		     		59640		851376		926772
	
     		     		     		     		     		     		59556		851460		926856
	
     		     		     		     		     		     		59616		851400		926796
	
     		     		     		     		     		     		59616		851400		926796
	
     		     		     		     		     		     		59580		851436		926832
	
     		     		     		     		     		     		59496		851520		926916
	
     		     		     		     		     		     		59496		851520		926916
	
     		     		     		     		     		     		59496		851520		926916
	
     		     		     		     		     		     		59520		851496		926892
	
     		     		     		     		     		     		59496		851520		926916
	
     		     		     		     		     		     		59436		851580		926976
	
     		     		     		     		     		     		59676		851340		926736
	
     		     		     		     		     		     		59700		851316		926712
	
     		     		     		     		     		     		59616		851400		926796
	
     		     		     		     		     		     		59632		851384		926780
	
     		     		     		     		     		     		59656		851360		926756
	
     		     		     		     		     		     		59632		851384		926780
	
     		     		     		     		     		     		59556		851460		926856
	
     		     		     		     		     		     		59572		851444		926840
	
     		     		     		     		     		     		59656		851360		926756
	
     		     		     		     		     		     		59572		851444		926840
	
     		     		     		     		     		     		59496		851520		926916
	
     		     		     		     		     		     		59572		851444		926840
	
     		     		     		     		     		     		59536		851480		926876
	
     		     		     		     		     		     		59512		851504		926900
	
     		     		     		     		     		     		59436		851580		926976
	
     		     		     		     		     		     		59428		851588		926984
	
     		     		     		     		     		     		59460		851556		926952
	
     		     		     		     		     		     		59512		851504		926900
	
     		     		     		     		     		     		59428		851588		926984
	
     		     		     		     		     		     		59452		851564		926960
	
     		     		     		     		     		     		59504		851512		926908
	
     		     		     		     		     		     		59428		851588		926984
	
     		     		     		     		     		     		59444		851572		926968
	
     		     		     		     		     		     		59528		851488		926884
	
     		     		     		     		     		     		59504		851512		926908
	
     		     		     		     		     		     		59428		851588		926984
	
     		     		     		     		     		     		59504		851512		926908
	
     		     		     		     		     		     		59452		851564		926960
	
     		     		     		     		     		     		59504		851512		926908
	
     		     		     		     		     		     		59428		851588		926984
	
     		     		     		     		     		     		59444		851572		926968
	
     		     		     		     		     		     		59528		851488		926884
	
     		     		     		     		     		     		59504		851512		926908
	
     		     		     		     		     		     		59428		851588		926984
	
     		     		     		     		     		     		59624		851392		926788
	
     		     		     		     		     		     		59692		851324		926720
	
     		     		     		     		     		     		59700		851316		926712
	
     		     		     		     		     		     		59608		851408		926804
	
     		     		     		     		     		     		59624		851392		926788
	
     		     		     		     		     		     		59692		851324		926720
	
     		     		     		     		     		     		59700		851316		926712
	
     		     		     		     		     		     		59548		851468		926864
	
     		     		     		     		     		     		59540		851476		926872
	
     		     		     		     		     		     		59512		851504		926900
	
     		     		     		     		     		     		59480		851536		926932
	
     		     		     		     		     		     		59488		851528		926924
	
     		     		     		     		     		     		59504		851512		926908
	
     		     		     		     		     		     		59452		851564		926960
	
     		     		     		     		     		     		59460		851556		926952
	
     		     		     		     		     		     		59424		851588		926988
	
     		     		     		     		     		     		59500		851512		926912
	
     		     		     		     		     		     		59508		851504		926904
	
     		     		     		     		     		     		59516		851496		926896
	
     		     		     		     		     		     		59364		851648		927048
	
     		     		     		     		     		     		59500		851512		926912
	
     		     		     		     		     		     		59508		851504		926904
	
     		     		     		     		     		     		59440		851572		926972
	
     		     		     		     		     		     		59416		851596		926996
	
     		     		     		     		     		     		59500		851512		926912
	
     		     		     		     		     		     		59500		851512		926912
	
     		     		     		     		     		     		59500		851512		926912
	
     		     		     		     		     		     		59424		851588		926988
	
     		     		     		     		     		     		59424		851588		926988
	
     		     		     		     		     		     		59448		851564		926964
	
     		     		     		     		     		     		59424		851588		926988
	
     		     		     		     		     		     		59484		851528		926928
	
     		     		     		     		     		     		59500		851512		926912
	
     		     		     		     		     		     		59524		851488		926888
	
     		     		     		     		     		     		59424		851588		926988
	
     		     		     		     		     		     		59544		851468		926868
	
     		     		     		     		     		     		59484		851528		926928
	
     		     		     		     		     		     		59448		851564		926964
	
     		     		     		     		     		     		59424		851588		926988
	
     		     		     		     		     		     		59424		851588		926988
	
     		     		     		     		     		     		59484		851528		926928
	
     		     		     		     		     		     		59508		851504		926904
	
     		     		     		     		     		     		59484		851528		926928
	
     		     		     		     		     		     		59484		851528		926928
	
     		     		     		     		     		     		59484		851528		926928
	
     		     		     		     		     		     		59568		851444		926844
	
     		     		     		     		     		     		59416		851596		926996
	
     		     		     		     		     		     		59484		851528		926928
	
     		     		     		     		     		     		59700		851308		926708
	
     		     		     		     		     		     		59552		851452		926860
	
     		     		     		     		     		     		59560		851444		926852
	
     		     		     		     		     		     		59492		851512		926920
	
     		     		     		     		     		     		59500		851504		926912
	
     		     		     		     		     		     		59552		851452		926860
	
     		     		     		     		     		     		59544		851460		926868
	
     		     		     		     		     		     		59492		851512		926920
	
     		     		     		     		     		     		59500		851504		926912
	
     		     		     		     		     		     		59432		851572		926980
	
     		     		     		     		     		     		59424		851580		926988
	
     		     		     		     		     		     		59492		851512		926920
	
     		     		     		     		     		     		59500		851504		926912
	
     		     		     		     		     		     		59432		851572		926980
	
     		     		     		     		     		     		59440		851564		926972
	
     		     		     		     		     		     		59432		851572		926980
	
     		     		     		     		     		     		59440		851564		926972
	
     		     		     		     		     		     		59432		851572		926980
	
     		     		     		     		     		     		59500		851504		926912
	
     		     		     		     		     		     		59432		851572		926980
	
     		     		     		     		     		     		59500		851504		926912
	
     		     		     		     		     		     		59492		851512		926920
	
     		     		     		     		     		     		59500		851504		926912
	
     		     		     		     		     		     		59432		851572		926980
	
     		     		     		     		     		     		59440		851564		926972
	
     		     		     		     		     		     		59432		851572		926980
	
