CPUProc			CPU  			MEM  			VSZ  		DRS  		RSS  		USED  		FREE  		AVAILABLE	
0.000  			0.100			0.900			67252  		67231  		11244  		58680  		847964  		927736
	
0.000  			0.100			0.900			67252  		67231  		11244  		58980  		847640  		927436
	
0.000  			0.100			0.900			67252  		67231  		11244  		58900  		847708  		927516
	
0.000  			0.000			0.900			67252  		67231  		11244  		58952  		847656  		927464
	
0.000  			0.000			0.900			67252  		67231  		11244  		58812  		847792  		927604
	
0.000  			0.000			0.900			67252  		67231  		11244  		58900  		847704  		927516
	
0.000  			0.000			0.900			67252  		67231  		11244  		58912  		847692  		927504
	
0.000  			0.000			0.900			67252  		67231  		11244  		58972  		847632  		927444
	
0.000  			0.000			0.900			67252  		67231  		11244  		58948  		847656  		927468
	
0.000  			0.000			0.900			67252  		67231  		11244  		58828  		847776  		927588
	
0.000  			0.000			0.900			67252  		67231  		11244  		58832  		847772  		927584
	
0.000  			0.000			0.900			67252  		67231  		11244  		58880  		847724  		927536
	
0.000  			0.000			0.900			67252  		67231  		11244  		58984  		847620  		927432
	
0.000  			0.000			0.900			67252  		67231  		11244  		58836  		847760  		927580
	
0.000  			0.000			0.900			67252  		67231  		11244  		58932  		847664  		927484
	
0.000  			0.000			0.900			67252  		67231  		11244  		58924  		847672  		927492
	
0.000  			0.000			0.900			67252  		67231  		11244  		58880  		847716  		927536
	
0.000  			0.000			0.900			67252  		67231  		11244  		58896  		847700  		927520
	
0.000  			0.000			0.900			67252  		67231  		11244  		58836  		847760  		927580
	
0.000  			0.000			0.900			67252  		67231  		11244  		58916  		847680  		927500
	
0.000  			0.000			0.900			67252  		67231  		11244  		59092  		847504  		927324
	
0.000  			0.000			0.900			67252  		67231  		11244  		58976  		847620  		927440
	
0.000  			0.000			0.900			67252  		67231  		11244  		58700  		847896  		927716
	
0.000  			0.000			0.900			67252  		67231  		11244  		58932  		847664  		927484
	
0.000  			0.000			0.900			67252  		67231  		11244  		58964  		847632  		927452
	
0.000  			0.000			0.900			67252  		67231  		11244  		58848  		847748  		927568
	
1.000  			0.000			0.900			67252  		67231  		11244  		58784  		847812  		927632
	
0.000  			0.000			0.900			67252  		67231  		11244  		58948  		847648  		927468
	
0.000  			0.000			0.900			67252  		67231  		11244  		58856  		847740  		927560
	
0.000  			0.000			0.900			67252  		67231  		11244  		58932  		847664  		927484
	
0.000  			0.000			0.900			67252  		67231  		11244  		58952  		847644  		927464
	
0.000  			0.000			0.900			67252  		67231  		11244  		59040  		847556  		927376
	
0.000  			0.000			0.900			67252  		67231  		11244  		58888  		847708  		927528
	
0.000  			0.000			0.900			67252  		67231  		11244  		58900  		847696  		927516
	
0.000  			0.000			0.900			67252  		67231  		11244  		59076  		847520  		927340
	
0.000  			0.000			0.900			67252  		67231  		11244  		58996  		847600  		927420
	
0.000  			0.000			0.900			67252  		67231  		11244  		59088  		847508  		927328
	
0.000  			0.000			0.900			67252  		67231  		11244  		58872  		847724  		927544
	
0.000  			0.000			0.900			67252  		67231  		11244  		58964  		847632  		927452
	
0.000  			0.000			0.900			67252  		67231  		11244  		59160  		847436  		927256
	
0.000  			0.000			0.900			67252  		67231  		11244  		58836  		847760  		927580
	
0.000  			0.000			0.900			67252  		67231  		11244  		58848  		847740  		927568
	
0.000  			0.000			0.900			67252  		67231  		11244  		58780  		847808  		927636
	
0.000  			0.000			0.900			67252  		67231  		11244  		58912  		847676  		927504
	
0.000  			0.000			0.900			67252  		67231  		11244  		58864  		847724  		927552
	
0.000  			0.000			0.900			67252  		67231  		11244  		59084  		847504  		927332
	
0.000  			0.000			0.900			67252  		67231  		11244  		58924  		847664  		927492
	
0.000  			0.000			0.900			67252  		67231  		11244  		58888  		847700  		927528
	
0.000  			0.000			0.900			67252  		67231  		11244  		58848  		847740  		927568
	
0.000  			0.000			0.900			67252  		67231  		11244  		58980  		847608  		927436
	
0.000  			0.000			0.900			67252  		67231  		11244  		58772  		847816  		927644
	
0.000  			0.000			0.900			67252  		67231  		11244  		58952  		847632  		927464
	
0.000  			0.000			0.900			67252  		67231  		11244  		59012  		847572  		927404
	
0.000  			0.000			0.900			67252  		67231  		11244  		58932  		847652  		927484
	
0.000  			0.000			0.900			67252  		67231  		11244  		58868  		847716  		927548
	
0.000  			0.000			0.900			67252  		67231  		11244  		58908  		847676  		927508
	
0.000  			0.000			0.900			67252  		67231  		11244  		58872  		847712  		927544
	
0.000  			0.000			0.900			67252  		67231  		11244  		59028  		847556  		927388
	
0.971  			0.000			0.900			67252  		67231  		11244  		58824  		847760  		927592
	
0.000  			0.000			0.900			67252  		67231  		11244  		58964  		847620  		927452
	
0.000  			0.000			0.900			67252  		67231  		11244  		58852  		847732  		927564
	
0.000  			0.000			0.900			67252  		67231  		11244  		59012  		847572  		927404
	
0.000  			0.000			0.900			67252  		67231  		11244  		58880  		847704  		927536
	
0.000  			0.000			0.900			67252  		67231  		11244  		58756  		847828  		927660
	
0.000  			0.000			0.900			67252  		67231  		11244  		58832  		847752  		927584
	
0.000  			0.000			0.900			67252  		67231  		11244  		58928  		847656  		927488
	
0.000  			0.000			0.900			67252  		67231  		11244  		58952  		847632  		927464
	
0.000  			0.000			0.900			67252  		67231  		11244  		58952  		847632  		927464
	
0.000  			0.000			0.900			67252  		67231  		11244  		58880  		847704  		927536
	
0.000  			0.000			0.900			67252  		67231  		11244  		58892  		847692  		927524
	
0.000  			0.000			0.900			67252  		67231  		11244  		58968  		847616  		927448
	
0.000  			0.000			0.900			67252  		67231  		11244  		58944  		847640  		927472
	
0.000  			0.000			0.900			67252  		67231  		11244  		59008  		847572  		927408
	
0.000  			0.000			0.900			67252  		67231  		11244  		59040  		847540  		927376
	
0.000  			0.000			0.900			67252  		67231  		11244  		59040  		847540  		927376
	
0.000  			0.000			0.900			67252  		67231  		11244  		59016  		847564  		927400
	
0.000  			0.000			0.900			67252  		67231  		11244  		58912  		847668  		927504
	
0.000  			0.000			0.900			67252  		67231  		11244  		58972  		847608  		927444
	
0.000  			0.000			0.900			67252  		67231  		11244  		58972  		847608  		927444
	
0.000  			0.000			0.900			67252  		67231  		11244  		58880  		847700  		927536
	
0.000  			0.000			0.900			67252  		67231  		11244  		58972  		847608  		927444
	
0.000  			0.000			0.900			67252  		67231  		11244  		58912  		847668  		927504
	
0.000  			0.000			0.900			67252  		67231  		11244  		58872  		847708  		927544
	
0.000  			0.000			0.900			67252  		67231  		11244  		59000  		847580  		927416
	
0.000  			0.000			0.900			67252  		67231  		11244  		58972  		847608  		927444
	
0.000  			0.000			0.900			67252  		67231  		11244  		58948  		847632  		927468
	
0.980  			0.000			0.900			67252  		67231  		11244  		58820  		847760  		927596
	
0.000  			0.000			0.900			67252  		67231  		11244  		59032  		847548  		927384
	
0.000  			0.000			0.900			67252  		67231  		11244  		58820  		847760  		927596
	
0.000  			0.000			0.900			67252  		67231  		11244  		58984  		847596  		927432
	
0.000  			0.000			0.900			67252  		67231  		11244  		58972  		847608  		927444
	
0.000  			0.000			0.900			67252  		67231  		11244  		58964  		847616  		927452
	
0.000  			0.000			0.900			67252  		67231  		11244  		58872  		847708  		927544
	
0.000  			0.000			0.900			67252  		67231  		11244  		58948  		847632  		927468
	
0.000  			0.000			0.900			67252  		67231  		11244  		59052  		847528  		927364
	
0.000  			0.000			0.900			67252  		67231  		11244  		58940  		847640  		927476
	
0.000  			0.000			0.900			67252  		67231  		11244  		58948  		847632  		927468
	
0.000  			0.000			0.900			67252  		67231  		11244  		58912  		847668  		927504
	
0.000  			0.000			0.900			67252  		67231  		11244  		58984  		847596  		927432
	
0.000  			0.000			0.900			67252  		67231  		11244  		58972  		847608  		927444
	
0.000  			0.000			0.900			67252  		67231  		11244  		58980  		847600  		927436
	
0.000  			0.000			0.900			67252  		67231  		11244  		58836  		847740  		927576
	
0.000  			0.000			0.900			67252  		67231  		11244  		59080  		847496  		927336
	
0.000  			0.000			0.900			67252  		67231  		11244  		58904  		847672  		927512
	
0.000  			0.000			0.900			67252  		67231  		11244  		58984  		847592  		927432
	
0.000  			0.000			0.900			67252  		67231  		11244  		58968  		847608  		927448
	
0.000  			0.000			0.900			67252  		67231  		11244  		58840  		847736  		927576
	
0.000  			0.000			0.900			67252  		67231  		11244  		58968  		847608  		927448
	
0.971  			0.000			0.900			67252  		67231  		11244  		59044  		847532  		927372
	
0.000  			0.000			0.900			67252  		67231  		11244  		58780  		847796  		927636
	
0.000  			0.000			0.900			67252  		67231  		11244  		58768  		847808  		927648
	
0.000  			0.000			0.900			67252  		67231  		11244  		59128  		847448  		927288
	
0.971  			0.000			0.900			67252  		67231  		11244  		58900  		847676  		927516
	
0.000  			0.000			0.900			67252  		67231  		11244  		58788  		847788  		927628
	
0.000  			0.000			0.900			67252  		67231  		11244  		59044  		847532  		927372
	
0.000  			0.000			0.900			67252  		67231  		11244  		58852  		847724  		927564
	
0.000  			0.000			0.900			67252  		67231  		11244  		58944  		847632  		927472
	
0.000  			0.000			0.900			67252  		67231  		11244  		59028  		847548  		927388
	
0.000  			0.000			0.900			67252  		67231  		11244  		58888  		847688  		927528
	
0.000  			0.000			0.900			67252  		67231  		11244  		58908  		847668  		927508
	
