CPUProc			CPU  			MEM  			VSZ  		DRS  		RSS  		USED  		FREE  		AVAILABLE	
1.000  			1.400			0.900			68404  		68383  		11288  		59396  		847096  		927020
	
1.971  			1.400			0.900			68404  		68383  		11288  		59224  		847264  		927192
	
1.000  			1.400			0.900			68404  		68383  		11288  		59368  		847120  		927048
	
2.980  			1.300			0.900			68404  		68383  		11288  		59308  		847168  		927108
	
1.000  			1.500			0.900			68404  		68383  		11288  		59208  		847260  		927208
	
1.000  			1.500			0.900			68404  		68383  		11288  		59200  		847268  		927216
	
0.980  			1.500			0.900			68536  		68515  		11288  		59372  		847096  		927044
	
1.000  			1.400			0.900			68536  		68515  		11288  		59344  		847112  		927072
	
2.942  			1.500			0.900			68536  		68515  		11288  		59316  		847132  		927100
	
1.971  			1.500			0.900			68536  		68515  		11288  		59296  		847152  		927120
	
0.971  			1.500			0.900			68536  		68515  		11288  		59564  		846884  		926852
	
1.971  			1.500			0.900			68536  		68515  		11288  		59336  		847100  		927080
	
1.000  			1.500			0.900			68536  		68515  		11288  		59396  		847040  		927020
	
2.942  			1.400			0.900			68536  		68515  		11288  		59464  		846972  		926952
	
0.980  			1.500			0.900			68536  		68515  		11288  		59648  		846780  		926768
	
1.000  			1.500			0.900			68536  		68515  		11288  		59836  		846588  		926580
	
1.980  			1.500			0.900			68536  		68515  		11288  		59720  		846704  		926696
	
3.000  			1.400			0.900			68536  		68515  		11288  		59668  		846756  		926748
	
1.000  			1.500			0.900			68536  		68515  		11288  		59816  		846600  		926600
	
1.000  			1.500			0.900			68536  		68515  		11288  		59700  		846716  		926716
	
1.980  			1.500			1.000			68536  		68515  		11344  		59872  		846544  		926544
	
2.000  			1.400			1.000			68536  		68515  		11344  		59912  		846496  		926504
	
1.000  			1.500			1.000			68536  		68515  		11344  		59860  		846548  		926556
	
1.980  			1.500			1.000			68536  		68515  		11344  		59988  		846420  		926428
	
1.980  			1.400			1.000			68536  		68515  		11344  		59892  		846516  		926524
	
1.000  			1.400			1.000			68536  		68515  		11344  		59848  		846552  		926568
	
2.980  			1.400			1.000			68536  		68515  		11344  		59992  		846408  		926424
	
1.980  			1.500			1.000			68536  		68515  		11344  		59904  		846496  		926512
	
2.942  			1.400			1.000			68536  		68515  		11344  		60056  		846344  		926360
	
1.000  			1.500			1.000			68536  		68515  		11344  		60028  		846360  		926388
	
0.980  			1.500			1.000			68536  		68515  		11344  		59996  		846392  		926420
	
2.000  			1.500			1.000			68536  		68515  		11344  		60100  		846288  		926316
	
1.000  			1.400			1.000			68536  		68515  		11344  		60128  		846252  		926288
	
1.000  			1.400			1.000			68536  		68515  		11344  		60136  		846244  		926280
	
1.971  			1.400			1.000			68536  		68515  		11344  		60148  		846232  		926268
	
1.971  			1.500			1.000			68536  		68515  		11344  		60008  		846360  		926408
	
0.971  			1.400			1.000			68536  		68515  		11344  		60304  		846064  		926112
	
1.000  			1.400			1.000			68536  		68515  		11344  		60016  		846352  		926400
	
2.971  			1.400			1.000			68536  		68515  		11344  		60136  		846228  		926280
	
1.000  			1.400			1.000			68536  		68515  		11344  		60092  		846264  		926324
	
1.971  			1.400			1.000			68536  		68515  		11344  		60256  		846100  		926160
	
1.971  			1.400			1.000			68536  		68515  		11344  		60228  		846128  		926188
	
2.000  			1.400			1.000			68536  		68515  		11344  		60188  		846160  		926228
	
1.971  			1.400			1.000			68536  		68515  		11344  		60200  		846144  		926216
	
1.971  			1.400			1.000			68536  		68515  		11344  		60068  		846276  		926348
	
1.971  			1.500			1.000			68668  		68647  		11344  		60004  		846340  		926412
	
0.971  			1.500			1.000			68668  		68647  		11604  		60212  		846124  		926204
	
1.971  			1.400			1.000			68668  		68647  		11604  		60268  		846068  		926148
	
2.000  			1.400			1.000			68668  		68647  		11604  		60472  		845864  		925944
	
1.000  			1.500			1.000			68668  		68647  		11604  		60356  		845968  		926060
	
1.000  			1.500			1.000			68668  		68647  		11604  		60328  		845992  		926088
	
1.971  			1.400			1.000			68668  		68647  		11604  		60368  		845952  		926048
	
2.942  			1.400			1.000			68668  		68647  		11604  		60456  		845856  		925960
	
1.000  			1.500			1.000			68668  		68647  		11604  		60468  		845840  		925948
	
1.971  			1.400			1.000			68668  		68647  		11604  		60360  		845944  		926056
	
1.971  			1.400			1.000			68668  		68647  		11604  		60496  		845800  		925920
	
1.971  			1.400			1.000			68668  		68647  		11604  		60524  		845772  		925892
	
1.000  			1.400			1.000			68668  		68647  		11604  		60656  		845640  		925760
	
1.971  			1.400			1.000			68668  		68647  		11604  		60624  		845672  		925792
	
1.000  			1.400			1.000			68668  		68647  		11604  		60452  		845836  		925964
	
1.000  			1.400			1.000			68668  		68647  		11604  		60340  		845944  		926076
	
1.000  			1.400			1.000			68668  		68647  		11604  		60564  		845712  		925852
	
2.971  			1.400			1.000			68668  		68647  		11604  		60504  		845772  		925912
	
1.971  			1.400			1.000			68668  		68647  		11604  		60596  		845680  		925820
	
2.000  			1.400			1.000			68668  		68647  		11604  		60448  		845824  		925968
	
1.980  			1.400			1.000			68668  		68647  		11604  		60540  		845732  		925876
	
1.000  			1.400			1.000			68668  		68647  		11604  		60496  		845776  		925920
	
1.971  			1.500			1.000			68668  		68647  		11604  		60676  		845596  		925740
	
1.000  			1.500			1.000			68668  		68647  		11604  		60616  		845656  		925800
	
1.971  			1.400			1.000			68668  		68647  		11604  		60508  		845764  		925908
	
1.971  			1.400			1.000			68668  		68647  		11604  		60588  		845676  		925828
	
1.000  			1.400			1.000			68668  		68647  		11604  		60580  		845684  		925836
	
2.000  			1.400			1.000			68668  		68647  		11604  		60600  		845664  		925816
	
1.971  			1.400			1.000			68668  		68647  		11604  		60716  		845548  		925700
	
1.980  			1.400			1.000			68668  		68647  		11604  		60848  		845408  		925568
	
1.980  			1.500			1.000			68668  		68647  		11604  		60716  		845540  		925700
	
1.000  			1.500			1.000			68668  		68647  		11604  		60892  		845364  		925524
	
1.000  			1.400			1.000			68668  		68647  		11604  		60680  		845576  		925736
	
1.000  			1.400			1.000			68668  		68647  		11604  		60716  		845532  		925700
	
2.942  			1.400			1.000			68668  		68647  		11604  		60508  		845736  		925908
	
2.000  			1.400			1.000			68668  		68647  		11604  		60528  		845716  		925888
	
1.971  			1.400			1.000			68668  		68647  		11604  		60620  		845616  		925796
	
2.000  			1.400			1.000			68668  		68647  		11604  		60796  		845440  		925620
	
1.971  			1.400			1.000			68796  		68775  		11736  		60748  		845488  		925668
	
2.000  			1.400			1.000			68796  		68775  		11736  		60988  		845236  		925428
	
1.000  			1.400			1.000			68796  		68775  		11736  		60968  		845256  		925448
	
1.971  			1.400			1.000			68796  		68775  		11736  		60884  		845336  		925532
	
1.971  			1.400			1.000			68796  		68775  		11736  		60804  		845416  		925612
	
1.961  			1.400			1.000			68796  		68775  		11736  		61020  		845192  		925396
	
2.000  			1.400			1.000			68796  		68775  		11736  		61004  		845208  		925412
	
1.000  			1.400			1.000			68796  		68775  		11736  		60676  		845536  		925740
	
1.000  			1.400			1.000			68796  		68775  		11736  		61020  		845192  		925396
	
2.980  			1.400			1.000			68796  		68775  		11736  		60892  		845320  		925524
	
1.000  			1.500			1.000			68796  		68775  		11736  		60972  		845232  		925444
	
1.000  			1.500			1.000			68796  		68775  		11736  		60960  		845244  		925456
	
1.000  			1.400			1.000			68796  		68775  		11736  		61028  		845172  		925388
	
2.000  			1.400			1.000			68796  		68775  		11736  		61000  		845200  		925416
	
1.000  			1.400			1.000			68796  		68775  		11736  		60964  		845224  		925452
	
1.980  			1.400			1.000			68796  		68775  		11736  		61124  		845064  		925292
	
1.971  			1.400			1.000			68796  		68775  		11736  		61144  		845036  		925272
	
1.971  			1.400			1.000			68796  		68775  		11736  		61004  		845176  		925412
	
1.971  			1.400			1.000			68796  		68775  		11736  		61164  		845016  		925252
	
2.000  			1.500			1.000			68796  		68775  		11736  		61052  		845124  		925364
	
1.000  			1.400			1.000			68796  		68775  		11736  		61112  		845052  		925304
	
1.000  			1.400			1.000			68796  		68775  		11736  		61040  		845124  		925376
	
0.971  			1.400			1.000			68796  		68775  		11736  		61180  		844984  		925236
	
2.000  			1.400			1.000			68796  		68775  		11736  		61112  		845040  		925304
	
1.000  			1.400			1.000			68796  		68775  		11736  		61244  		844908  		925172
	
1.000  			1.400			1.000			68796  		68775  		11736  		61140  		845012  		925276
	
1.000  			1.400			1.000			68796  		68775  		11736  		61308  		844836  		925108
	
1.971  			1.400			1.000			68796  		68775  		11736  		61340  		844804  		925076
	
2.971  			1.400			1.000			68796  		68775  		11736  		61284  		844860  		925132
	
2.000  			1.400			1.000			68796  		68775  		11736  		61296  		844848  		925120
	
1.971  			1.400			1.000			68796  		68775  		11736  		61188  		844948  		925228
	
1.000  			1.400			1.000			68796  		68775  		11736  		61300  		844856  		925116
	
1.980  			1.400			1.000			68796  		68775  		11736  		61260  		844896  		925156
	
2.971  			1.400			1.000			68796  		68775  		11736  		61484  		844672  		924932
	
2.000  			1.500			1.000			68796  		68775  		11736  		61424  		844732  		924992
	
0.000  			1.400			1.000			68796  		68775  		11736  		61472  		844676  		924944
	
1.971  			1.400			1.000			68928  		68907  		11736  		61488  		844660  		924928
	
